3.128898883798891806e-01,4.737214006948240463e-01
8.637101695792100964e-01,9.322282027490214062e-01
1.967577213740517861e-01,1.529204196908375835e-01
7.204443605554397001e-01,6.807249576471607888e-01
2.213709528186937892e-01,6.760197400814869084e-01
4.132542335744008311e-01,6.708975983639740015e-01
9.139846216554280423e-01,5.271207569860163478e-01
4.342745996385071194e-01,2.988769047471747653e-01
4.365948197600888481e-02,9.332467947238453077e-01
1.403670904223485172e-01,3.176563868239754562e-01
7.165122336287461646e-01,4.678109779612076302e-01
4.545461486826860575e-01,3.320999838216487365e-01
5.784696986179669320e-01,4.424282809839066299e-01
8.486054576666015592e-01,8.869710231934668787e-02
6.817501127320084731e-01,2.099892737919194508e-01
8.342229082651726468e-01,6.646930491685428821e-01
1.647211557221975875e-01,7.486005193744189601e-01
8.411738754825823783e-01,8.826494488272862426e-01
3.776571362971008483e-01,2.615470934136289172e-01
7.715931205087143141e-01,2.881876215215186665e-01
8.152176918275940709e-01,3.355966946134880668e-01
9.637995413266898792e-01,3.038917540402201745e-01
3.159728594296293824e-01,5.848939142542651792e-01
4.207647334314444931e-01,5.659971057954487073e-01
3.609184773911701116e-01,2.344801206341173838e-01
7.177252441431120067e-01,6.824765817412306035e-01
1.624879974197026566e-01,7.487970591070495230e-01
7.653964566661062285e-01,2.486992453798952951e-02
2.738665805999755953e-01,2.268415782442460005e-01
8.350859660201287449e-01,5.971751991233054113e-01
6.281006827450082985e-01,5.019603173586442146e-01
7.444190940869517270e-01,6.190748173971540869e-01
1.295609948838924996e-01,2.671343366642113804e-01
5.352519111366782489e-02,2.050847190054966296e-01
4.939880128489100297e-01,5.308663236580807299e-01
1.889176578669850004e-01,5.676802619370138192e-01
1.415018399181855457e-01,4.316415459771381080e-01
4.297369398202487423e-01,3.588306120650881503e-01
8.224304940256400576e-01,1.546979087184807700e-02
9.177305138384694860e-02,6.346817892719858190e-01
3.114854578049004452e-01,1.474114709906566567e-01
2.899264411424714583e-01,5.545644850303942386e-01
2.799294454424163803e-01,1.063252528453774159e-01
3.207628809208967757e-01,3.044888196090012045e-01
1.725843993914700780e-01,7.704250454613973398e-01
4.974101309250670289e-01,3.050333455797713533e-01
3.949630584630905439e-01,8.813323026172860120e-01
5.107202686900458311e-03,5.475563326258710006e-01
3.355722541448845631e-01,3.562497219951438199e-01
2.086617703241572253e-01,4.898136468181776282e-01
4.306443314114599685e-01,4.609131755459019431e-01
2.701519384300048454e-01,1.624980343607225208e-01
7.207309719508231405e-01,9.606628431647978861e-02
8.251031545144590362e-01,9.529991770712424870e-01
5.917659753339433726e-01,4.625967832648403277e-01
4.119200499219199951e-01,9.357845834488548453e-01
9.145841664211767919e-01,8.011290913914215217e-02
1.084259977184018897e-01,7.927459521208267690e-01
3.898218289085176869e-01,3.512023334571255928e-01
7.657017069082951988e-01,7.336894202135161303e-01
7.664690014367823157e-01,9.582795349608743685e-01
3.110728923434301629e-01,8.930924938704480898e-01
1.681834131276627176e-01,7.602953946992194734e-01
3.041981586156922157e-01,1.936283148352027084e-01
4.089505810073232883e-01,6.670348742024544419e-01
8.675321270554516850e-01,8.910540683691039465e-01
5.201874475131494924e-01,9.000321041293342095e-01
2.704706262330586197e-01,9.414764137609763495e-01
4.698001514162488679e-01,5.558480776144308910e-01
7.895087130835747313e-01,7.909569113995489342e-01
1.140426253564714720e-01,4.519044115568880970e-01
4.693558873751639826e-01,3.574498380548609688e-01
3.733507132857409871e-01,3.938860880810536313e-01
6.174242521945778606e-01,4.354831978850047802e-01
2.785489837175436634e-02,4.569219368314852980e-01
4.467235864044445393e-01,9.842244049255763905e-01
4.855274060119327828e-01,5.576347553509314325e-01
1.255906882654753698e-01,1.261700382852321001e-01
2.792219157243647221e-02,1.887466609702770359e-01
2.429748607763226875e-01,5.696036504473367401e-04
2.695625783080908278e-01,3.758703470056417029e-01
5.940148546507413307e-01,8.004763777553146609e-01
4.089784495546398002e-01,7.190557974681365261e-01
5.573250487825248678e-01,9.276886294011834622e-01
7.321621869768825119e-01,5.973827499812470743e-01
9.200438707889265766e-01,2.964631155664538831e-01
4.670179015356776819e-01,8.436225804918451310e-02
8.244060966995786499e-01,8.828193703955770077e-01
1.305660130610921676e-01,2.019034443272527124e-02
2.920420322753259912e-01,6.247265478505997782e-01
5.344050096533949912e-01,5.371209452320597766e-01
7.185857310765192407e-01,6.002240868311983224e-01
2.463868017772997687e-01,5.096015274354107616e-01
2.992258221464340062e-01,4.389731916472576767e-01
6.422165808303380574e-01,4.618918548923587331e-01
4.238560539418001483e-01,7.901316934034400274e-01
9.536570111101763114e-01,8.448856764067402825e-02
4.478826581533178475e-01,8.682853228459214145e-01
7.114760234228412195e-02,1.501847142666896673e-01
5.854746143983617923e-01,8.711556440655843225e-01
9.107247876612651893e-01,7.964464295351987300e-01
5.790933084833025379e-01,5.307017880002927734e-01
4.043425102109915459e-01,6.642110772038051225e-01
8.103795780479512434e-01,2.136350463013789724e-01
8.806834368309669481e-01,6.529865195620832008e-01
9.677374065886550358e-01,9.159680843169235587e-01
3.603295067120588779e-01,7.038577611388114885e-01
8.025583075401755417e-01,7.598558643855906070e-01
5.461317140039522178e-01,4.197607364951118081e-01
6.145665175724711604e-01,3.516276498418441365e-01
6.985321010915535034e-01,6.614504175781548145e-01
3.126568055699133764e-01,2.028040934688424279e-02
3.201972643530303086e-01,6.440627116110331229e-01
6.744610567111428701e-01,1.144548682779048532e-01
9.592967509880953036e-01,4.802889406255120841e-01
6.992812524418504649e-01,4.538303074741499854e-01
5.873161317835544626e-01,7.097082266140786189e-01
6.921750032025303367e-01,4.454216063699930617e-01
1.261209392600209922e-01,8.726207987060918825e-02
9.928016406149701156e-01,3.646090961865781077e-01
5.341883072764095353e-01,4.046308125604085593e-01
8.820472593656270011e-02,7.702506489766067777e-01
4.662901568754573844e-01,5.932279066751586782e-01
2.147180670021264781e-01,6.501188731600255899e-01
3.798166573633976473e-02,7.718534302048517537e-01
4.165464514260808215e-02,3.890929532604848751e-01
2.860694169820638955e-01,3.700197193528632633e-01
3.225273693279314680e-01,3.412112493394005019e-01
8.688777605671503812e-01,2.394034882262003894e-01
5.222042414495610130e-01,5.289741720233933631e-01
5.070306109606788070e-01,7.077328484645477591e-01
4.867197143708411611e-01,3.550755487286040291e-01
6.027035657141470715e-01,9.824983156510659343e-01
2.086340745308031819e-01,7.867749878700536215e-03
3.782026216363272297e-01,7.266503631979688294e-01
6.680230005133347415e-02,2.024825663855137625e-01
7.801754689876012616e-01,5.095853501118168261e-01
6.054041230904945170e-01,6.655481182577283050e-01
5.246234391618930237e-01,9.616572146362425411e-01
9.105816478144104220e-01,7.457105867717356285e-01
2.917055763368195942e-01,2.213675688241301120e-02
2.973933141976903283e-01,9.179685182424914824e-01
7.847391145480258068e-01,2.684336168029982650e-01
6.897914074068145496e-02,8.962826249390467570e-01
8.923236476612339541e-02,8.124860840093000025e-01
9.100190762394503308e-01,3.516527233424481258e-01
2.355607748884238628e-01,9.443739987775128242e-01
9.122377285033184124e-01,9.318108664230131399e-01
9.456185047439058522e-01,5.100159572907414507e-02
3.350112000041720606e-01,4.817952925374998641e-01
4.683618742973965077e-01,7.258092247565171018e-01
4.781909218636298808e-01,9.782548116257812065e-01
7.056784051709591443e-01,9.231058572933331652e-01
6.245928075390951850e-01,9.445744116128009793e-01
8.244395120605952920e-01,4.946808543272316339e-01
6.996544137668928576e-01,1.727167266683364844e-01
2.772500507865967023e-01,5.592169881410666843e-01
5.486126429477362620e-01,8.476490989394758202e-02
1.291420582114953808e-01,7.139394913698724476e-01
2.650860938447694437e-01,9.609245932666958812e-01
9.036863750746746415e-01,9.091133569518734525e-01
5.646128319154208874e-01,7.794423839575927992e-01
6.567425096296950482e-01,3.701571074579206311e-01
7.274039559268953292e-01,7.775488862885395758e-01
1.965244082458322827e-01,8.311532889458425055e-01
8.754246318949432393e-02,3.067577694714697101e-01
3.682109521609435721e-01,4.213591826735545443e-01
3.238742821766587010e-01,4.568707323493903516e-02
5.776671197339364738e-01,4.659200509897695186e-01
4.700802825235077531e-01,4.142907492171763462e-01
3.223176953251902788e-01,5.313757972062890245e-01
7.146531709255976583e-02,7.441056907110455976e-01
4.942838296894279670e-01,4.028114961097567504e-01
3.910699221464731812e-01,3.218613639112988256e-02
5.334112850902436032e-01,8.796861666781551348e-01
8.730460415881036162e-02,3.740889656879282654e-01
4.037150593299656531e-01,6.311792179345268039e-01
1.609245997221908642e-01,6.104655410211419220e-01
6.347992819539620690e-01,1.816422469145849705e-01
8.543225971735718405e-01,3.943439670426254207e-01
1.035289915781378856e-01,4.896075008912924575e-01
5.139526490265023950e-01,3.452101163508490833e-01
3.612172435287186456e-02,7.372736921117949427e-01
6.349545522487016758e-01,4.193039544567521704e-01
5.737827063766586244e-01,3.518537579425353723e-01
2.544033147466079336e-01,7.227410218299993305e-01
7.730081321727817478e-01,2.167350364850338940e-01
4.910514066504022557e-01,4.940853463659683475e-01
8.507946869922023980e-01,1.923733181184574814e-01
2.171268515593924864e-01,5.397682357941855358e-01
4.973371275923755830e-01,2.302100564588240861e-01
1.059272722261003219e-01,2.671251920656723122e-01
6.454537167513896279e-01,8.837167686248307286e-01
7.266758410791017697e-01,3.250706567546965964e-01
8.874154838663714795e-01,7.177862211498240441e-01
4.212355465744055394e-01,1.453502093845537857e-04
5.461443612038864304e-01,9.277405825427295083e-01
9.878622244421789711e-01,5.378928675163754392e-01
1.274378558705847597e-01,1.098585710030436369e-01
9.468777434395638792e-01,6.213948759483711726e-01
3.270338155708144567e-01,4.005202598136998748e-01
4.913229539572703253e-01,1.509197257769772094e-01
4.660793205910662707e-01,8.355717248990419677e-01
8.395280628854688842e-01,2.953281997225876143e-01
6.773531177824017036e-01,1.353804764050144938e-01
4.693626426810336705e-01,1.284508053553725659e-01
8.640796242436210584e-02,4.596031411946445155e-01
7.826188175528144830e-01,3.493093465017454990e-01
8.622134569717447850e-01,7.886752808850852059e-01
2.624613839789302627e-01,1.041183146861991426e-01
4.834327016254048592e-01,5.391947798558262006e-01
4.812491834305946403e-01,9.917505556353015672e-01
5.603818286122990155e-01,6.929657634475717698e-01
1.883793493543196584e-01,7.476958931492975191e-01
7.153142405601897735e-01,7.566527494490860040e-02
8.080591682933777609e-01,3.635843441851345226e-01
1.740308457842378864e-01,1.357945168398266844e-01
8.518022116245863584e-01,8.461399267896344556e-01
7.441073025256654816e-01,2.072678196344700519e-01
4.092600755288300363e-02,5.204021737683420801e-01
5.367269382444325165e-01,4.029261255532425867e-01
9.275447846631790227e-01,8.380240728281079798e-01
1.641198932685410394e-01,7.014594015340003264e-01
7.332818896449185830e-01,9.558868577681772782e-01
2.665946534973466786e-01,7.723168253455297005e-01
9.061606214215274235e-01,4.519206042699486225e-01
3.135068978025769004e-01,1.393013466845162140e-01
9.509780188050930283e-01,2.998096786951073289e-01
3.651680401779348051e-01,9.350151552357439666e-01
8.315041167176466796e-01,4.827215425837729779e-01
8.144114328603718755e-01,2.497638303040407015e-01
9.868959523494656993e-01,2.000379219632513195e-01
6.745423587985320824e-01,3.437831105032146395e-01
5.192302328991945659e-01,6.092876558703820278e-01
3.091149038790725889e-01,2.664621722066629061e-02
7.646483187360629818e-01,6.338576402131409493e-01
2.281485529255649070e-01,4.374358133179385710e-01
3.846024032084298661e-01,3.781933067608179710e-01
5.175949762592002568e-01,3.028107065111566021e-01
9.732008078616392055e-01,1.172588317263676405e-01
4.356167062280558167e-01,8.815835612248901221e-02
5.591723706287032858e-02,9.425056865241933091e-01
1.064202223153463134e-01,4.325018317867309614e-01
7.720578802577044986e-01,5.998483756545851531e-01
4.157028783382821224e-01,7.299635633614676156e-02
7.973567500520072349e-01,1.146211520427697916e-02
4.581942155953324658e-01,4.843578082463526613e-01
3.182961659243506158e-01,7.429829638803091552e-01
8.469421893419424308e-01,3.601654370354673285e-01
8.867031581596626078e-01,4.616947150994804572e-01
9.528859000827500925e-01,5.148270096293345865e-01
2.692715813272993364e-01,5.926907167254985564e-01
3.384813219423198349e-01,6.303477381349866793e-01
9.850459117625589567e-01,3.022096210921666470e-01
5.989658707186663600e-01,1.965210375941153220e-01
9.057367317990174804e-01,2.353312362022342841e-01
4.509582621200447505e-01,7.447946024870840676e-01
4.671747244273102284e-01,9.179996222872034428e-01
8.102867208016613088e-01,4.942560618227104241e-01
2.153766265013988823e-01,9.630554788096279406e-02
2.789255318644284776e-01,5.246529739320224817e-01
9.128926959392701379e-01,8.899032551339292052e-02
1.885682538640770511e-01,1.977400788647972751e-01
6.457987012269166271e-01,6.118489454874553868e-01
3.529954074840822020e-01,3.038945821369165579e-02
4.570748917210686324e-01,3.309850845979934730e-01
1.393638653923955362e-01,5.528995855266227721e-02
1.048263217360621002e-01,6.667286339151812236e-02
9.836552393776478720e-01,9.688450567662253432e-01
4.169428991806272133e-01,2.375799336823516406e-01
9.526167873918178763e-01,9.449850339546050915e-02
6.287724030848083068e-01,2.833624820972140412e-01
7.965629542822671993e-02,5.247195316902644180e-01
5.090757975368740418e-01,6.241483800249720826e-01
9.576642419062332268e-01,9.671662636004683122e-01
4.781152177929670621e-02,5.696399772509097570e-01
5.922266041331607500e-01,2.841231152355375711e-01
9.953768019937124789e-01,3.245712556444476649e-01
3.878791835407938704e-01,7.132064686194307113e-01
5.720154503556351688e-01,2.977434346636566032e-01
9.339428299136747214e-01,3.340028473274316845e-01
7.421911935843238384e-01,2.503324008655264388e-01
6.553845457560323329e-01,8.703628496421990102e-01
3.468589464437046299e-01,5.357487582261045711e-01
4.149797180832357490e-01,1.284781051279011432e-01
3.431454162672924468e-01,8.175168416380568237e-01
4.574287979589668485e-01,1.840265260682074633e-01
7.903480939829742313e-01,8.263586380538519016e-01
8.426017364261927378e-01,9.507504285976314806e-01
4.989394328718835814e-01,7.173913435483236789e-03
8.932227545729370943e-01,4.717866850679789392e-01
8.569875561823738774e-01,4.083138510728442361e-01
4.179080665589889332e-01,6.002382661116512086e-02
3.899400888558981482e-01,2.074342508997227830e-01
5.309931296514599497e-01,7.919685334430784929e-01
7.423856979742863293e-01,2.115671267341372452e-01
3.550624420209727017e-01,5.942034929403644528e-01
7.907697059237803749e-01,3.566442844000616841e-01
6.149906149284573020e-01,3.510833077290598236e-01
2.383015890575537199e-01,8.822052486343504585e-01
2.019640101575548297e-02,8.406759525158938873e-01
9.752727391621140995e-01,3.547779595281864706e-01
7.850105270244041034e-01,5.995997076691872429e-02
2.070375383661923196e-01,1.784396112400886691e-01
1.643866175526687012e-01,5.186467043278384370e-01
7.510567715201208472e-01,2.510988859215749214e-01
3.185856767665846689e-01,5.420203007048562949e-01
5.894626239303588644e-01,7.241969145457651802e-01
2.231781639533840789e-01,1.397468849445879790e-01
4.149817462885494468e-01,3.764586476235365353e-01
1.414126951871370608e-01,6.635030598213164099e-01
7.432064759560141898e-02,7.877211481920349812e-01
3.964241023906784900e-01,2.821120951135065447e-01
5.048612434827087769e-01,8.690857462956668167e-01
4.161461737882522494e-01,5.153412020813108452e-02
8.332847101471694273e-01,1.500406280373217660e-01
9.597913284599425277e-01,8.367884378529849565e-01
7.162886202806255653e-01,3.494060800034937131e-02
2.158857988842222131e-01,4.852033083852963502e-01
4.227821245588470056e-01,9.428505631678586463e-01
7.295909010874023215e-01,7.582306293814042863e-01
4.565190055107358758e-01,5.716517052638729890e-01
8.022312343666417878e-01,4.089917786626420249e-01
2.576385130142746505e-01,5.246479467305154021e-02
2.595765085904666591e-02,7.450494156262813528e-01
2.227375577065470180e-01,3.908932746919629997e-01
7.935300586444749005e-01,4.112059836099027921e-01
3.125968847288080887e-01,8.346980336352668450e-01
2.396601372480386960e-01,9.396041567525226235e-01
1.316655061072008470e-01,1.873021539423792570e-01
9.546268225236137495e-01,6.942099529488939824e-01
5.175865792783702624e-01,5.540397846109391677e-01
1.004852698896159247e-01,2.786343396279724605e-01
7.882993528703198249e-01,1.129290244658577302e-01
4.237866258829425803e-01,1.065013250157901270e-01
1.784718465706065516e-01,6.923682914033368885e-02
2.333374808984877147e-01,8.482457049482277078e-01
1.653152187273203566e-01,4.624097149393170403e-01
8.906254234039128193e-01,3.644490019231774180e-01
8.144303036810346397e-01,8.277530666536938586e-01
3.458634353158295260e-01,4.092174252444864546e-01
2.419066263695344166e-01,6.410220611756041187e-01
3.243184009132173973e-01,4.135479753097223155e-01
4.910177776105195679e-01,3.805820214499409104e-01
2.392850966071802254e-02,1.690785864889268186e-01
6.953362341461873930e-01,3.390292618273308412e-01
5.184741998146858988e-01,5.234586191216816786e-02
9.380846123734792874e-01,2.785257045903904993e-01
3.527958955382151096e-01,3.341456113024365848e-01
4.314974396679009949e-01,6.113731142188987278e-01
2.141098299296789742e-01,2.915128078104342046e-01
6.678027557338004350e-01,5.020430794431148813e-01
5.510304680493803842e-01,8.482910421444957993e-01
8.840596986898321408e-01,6.679894505290828732e-03
2.228626243600533297e-01,3.809425670560454558e-01
5.651278265852435201e-01,9.681503331643059873e-02
4.464388854626504255e-01,4.045546836677120783e-01
8.745232513695704313e-01,9.250711861535784175e-01
6.758307726405927696e-01,9.885411072094063556e-03
6.638867976573684659e-01,9.678193190081939568e-01
3.118914204185880834e-01,4.101277204279237809e-01
9.240257411539689603e-01,7.282381714196807243e-01
8.436685760957877145e-01,2.592530045796879179e-01
2.414874442311004676e-01,1.751879584619369101e-01
1.876370291963629366e-01,7.150714426208105712e-01
3.490386472459824363e-01,2.830904204253241740e-01
2.344450428116906515e-02,5.036281014240181486e-01
4.162239926273781920e-01,6.379917181759164890e-02
5.685162021580809633e-01,4.991472723302844416e-01
5.128115779128818996e-01,4.330570844132597408e-01
4.775578167071685698e-01,6.031559214002580882e-01
8.502150135821917587e-02,5.812168431376918409e-02
8.935781014603185746e-01,2.563373575248883984e-02
2.831086446484882835e-01,9.432999060324801510e-01
4.944523282213708626e-01,9.792654511621006197e-01
2.389551928572628547e-01,9.131636313570112851e-01
7.803699010635426481e-01,5.003958076439917191e-01
2.494125889613075797e-01,2.721282576732972913e-01
9.377535093355949813e-01,7.790495867255025075e-01
9.494232960777796437e-01,7.026216516049986760e-01
4.072716102174930297e-01,9.895792356242878451e-01
1.748152530620553646e-01,7.788563258861074257e-01
8.446422357312441953e-01,7.060027370481702924e-01
7.470994918628914849e-02,5.967522685836640362e-01
4.894935234602503238e-01,5.663686931212170705e-01
3.394416673009537089e-02,5.619425648367627479e-01
1.266329516841594449e-01,1.344942824959258765e-01
1.555152467082100420e-01,8.832093183523802571e-01
6.163933547395625823e-01,9.171177561783323551e-01
6.496471692264045306e-01,4.662538734290896381e-01
1.095731649970451693e-01,6.560736504075879161e-01
2.980351072586034933e-01,6.472008704729489414e-01
9.376205259697441008e-01,4.184322443842132255e-01
2.409699358384799206e-01,6.541661787671926298e-02
2.213819294485598332e-01,5.233332940905432995e-02
8.229472750011238569e-01,3.382806622193980095e-01
6.654451252199343747e-01,3.632471509871398885e-01
7.170042631252637744e-02,6.206891062995647523e-01
6.859075247065991032e-01,8.732036829989439086e-01
2.940397454016013823e-01,7.430727140129479436e-01
8.480855742532994457e-01,5.340059066515441266e-01
9.343481665449394624e-01,4.918397504340544790e-01
4.322356167170104957e-02,9.210629773172983592e-01
4.742154510936762435e-01,7.384337338844234599e-01
8.256448318642974904e-01,6.026831795028853023e-02
7.844475256481994174e-01,9.772626743820884698e-01
2.856611260886683379e-01,7.270405361646514741e-01
2.467243713881217548e-02,1.496602778332913886e-01
9.695770116865141119e-01,7.687333321656246721e-01
1.224549299263136826e-01,3.240761603006847569e-01
7.797058629613624614e-01,6.735320080379189056e-01
8.299087599685430749e-01,4.845689751080316521e-01
4.457992469593494711e-01,5.770784320934067013e-01
5.577794441641833467e-01,5.258461688963822489e-01
7.159978650490499419e-01,9.273248347323973517e-01
5.296011366079105276e-01,3.752864388919174843e-01
5.944241109801235989e-01,5.849328946830103515e-01
8.776122164638024969e-01,6.136152122969584788e-01
3.993329764141132499e-01,8.375284075773041792e-01
3.969836912269095741e-01,3.955392151528748235e-01
3.790507516345489325e-01,7.681846689508757819e-01
5.935668132529892116e-01,1.655215413144878189e-01
2.237755871159052834e-02,9.487579942815370648e-01
1.587016485191172777e-02,7.782500978993319718e-01
1.451370640223859088e-02,4.189553463466773042e-01
5.981973526603393543e-01,9.110093619755824657e-01
3.354020966940906012e-01,5.152089737798137836e-02
3.871398468653424185e-01,6.448041675117083260e-01
3.684006279024298891e-01,8.646427044538024242e-01
1.208349027098619688e-01,4.368562210248000399e-01
3.605360396843533266e-01,3.304719557077839820e-02
9.517465435888494696e-02,2.076553477947048476e-01
5.479067007528435340e-01,4.315155362249030180e-01
4.520619787332755823e-01,4.493399999519639421e-01
6.498496404989255737e-01,7.719954657297242173e-01
6.009071498843513437e-01,1.717716285902978202e-01
5.141951927939322209e-01,7.349630184703727087e-01
5.331918733529346088e-01,7.191677890960683772e-01
7.287853988905330649e-01,2.611063660646313345e-01
6.223074193330734305e-01,6.473376863461848263e-01
7.929804276931795570e-02,7.716025245728130866e-01
2.183278142187818904e-01,8.161808041386453549e-02
5.663845495510173578e-01,4.557330872063665161e-01
2.209604345294485794e-01,7.525074901215448309e-01
9.198380689719309888e-02,1.012107518983270671e-01
2.705568475288511188e-02,9.972172615918702965e-01
1.692423915728028527e-01,3.224173100825955540e-02
7.090977377046633334e-01,2.751273417592962067e-01
9.495028785366173008e-01,4.295602560366429401e-02
3.432935391538861625e-01,4.614327207431272448e-01
1.649177795588477879e-01,7.088221358347063239e-01
3.288819145840581326e-01,7.726293615176639262e-01
3.638452098946977076e-01,3.920595225327357936e-01
3.138161376986882134e-01,3.742392409103155737e-01
2.001337606705192451e-01,6.226737623825573387e-01
6.396824665683348288e-01,5.898934915227412867e-01
5.653783565466619088e-02,1.803986397669450348e-01
9.083035290179686250e-02,1.413922919530257172e-01
5.280532987021713254e-01,6.577380721321659518e-01
1.796469910598619268e-02,6.911156460812206692e-01
4.113708885071263310e-01,2.240512467781774486e-01
9.133062139979319927e-01,1.955823109532067727e-01
1.793551637135109011e-01,9.771959974254436077e-01
7.144520977539918771e-01,6.851619998884775908e-01
2.724708740987126232e-01,9.630700729613870248e-01
7.359098074846897042e-01,3.022182713447360003e-01
4.129713995865610388e-01,3.775131975326034839e-01
3.577927516185963608e-01,8.840829859679373293e-01
2.898373450514987182e-01,5.395135472621648276e-01
5.818020526749562160e-01,5.228079439711806886e-01
5.467258329626616398e-01,2.045831518894258849e-02
3.295293421678009427e-01,5.989824075810601389e-02
9.152734423655934926e-01,7.996017779855952856e-01
8.146011518463003309e-01,3.222436574362136374e-01
5.472286155924493967e-01,7.411498449123649079e-01
2.108907363007711533e-01,8.705549587943443024e-01
7.463002270874028454e-01,3.947716946714340258e-01
8.263024905685257826e-01,9.773189940354957139e-01
3.265647178887221003e-03,8.341239624578785650e-01
5.398740057352413579e-02,1.358839413426712328e-01
7.611948080830976959e-02,3.794783559922647598e-01
5.308108581547308358e-01,2.292884558258316829e-01
5.406595047777701391e-01,7.773654928043600698e-01
1.242631806992255949e-01,1.209513334355915015e-01
2.937176302256239158e-02,5.720795076813344204e-01
4.257860514974122212e-01,1.543328524369841359e-01
9.589362308009992120e-01,3.310871741368249799e-01
4.243264040623887512e-01,4.662558000879636344e-01
8.086594617911885274e-01,7.235507904769407084e-01
9.515917403424465348e-01,9.786758899928266198e-01
6.757799364139298604e-01,7.056198407344471679e-01
8.579749585426337255e-01,7.543853816593457662e-01
3.713160912027699823e-01,7.307153153594840855e-01
4.477043763505724749e-01,8.430090506230991654e-02
4.047293262892598387e-01,1.455785830060652986e-01
7.571874974109379375e-01,6.625545361833414804e-01
5.765270532682056359e-01,2.788713557730532200e-01
9.720761872155980754e-01,5.586392189659926677e-01
7.478086725968380311e-02,7.393875213062084395e-01
6.878267780858751124e-01,9.979491067384957947e-01
6.022424144597954276e-01,9.147847083021819481e-01
4.118443152844208921e-01,5.404661415707712191e-01
1.968360988682746893e-01,1.553596392563315609e-01
4.603566031483430354e-01,5.284207375009551955e-01
7.666538087302213755e-01,9.091581473533061342e-02
3.995660660623108207e-01,4.987629787920495605e-01
4.530527020904827618e-01,7.142922686393949894e-01
4.078447670053513274e-01,1.701427624476171685e-01
9.089364646767800204e-01,6.971830839092735266e-01
8.289144728472613854e-01,7.314528036854786031e-01
4.144886169710960688e-01,4.832476485980055081e-01
8.407907318200038560e-01,4.508416634160374858e-01
8.440977713915747138e-01,3.030262554023914756e-01
7.213858281411429374e-01,1.730034292897261183e-01
9.792864199211916976e-01,1.353166634099494114e-01
8.639273455800333679e-02,8.585359898996201000e-01
1.810709922680852069e-01,9.643829593279729107e-02
7.515588113515002666e-01,4.708811199452134222e-02
6.567291636948855427e-01,4.609803600271606960e-01
2.482231345161014513e-01,9.069430525404579280e-01
9.846486329550079297e-01,7.615607572484061061e-01
4.278672663960975120e-01,6.015874901699416188e-01
4.420268791438558553e-01,1.764828094894609345e-01
1.860111875829750794e-01,8.536572857642747980e-01
8.012172243731670029e-01,8.979849081584803105e-01
1.816375389796280881e-01,2.016871929234449468e-01
4.467723632223108421e-01,8.584117061292892981e-01
8.482004897796344700e-01,5.711816901947924796e-01
6.585676144446571678e-01,9.451154010722169208e-01
6.938294531304844970e-01,3.469959220698586311e-01
8.184890879548810672e-01,2.292610905106468033e-01
7.340367356276555899e-02,3.839356235243229776e-03
9.829882018327024129e-01,4.947791385219566518e-01
3.780124965550762939e-01,9.956159311445121896e-01
2.321588401133899415e-01,1.673020349507891025e-01
4.312605032325703691e-01,6.760107822811015632e-01
1.829773614305945095e-01,1.023375528311472049e-01
2.253494818010696177e-01,6.394062239840606621e-01
2.840192934324583529e-01,1.626753024747062959e-02
9.335690590275725897e-01,5.273269296554556895e-01
2.088229008456667923e-01,7.781405404705621365e-01
2.831414914359917656e-01,5.720250353469994442e-01
3.624402468550360634e-01,4.783375754624186182e-02
2.970112025241744558e-01,1.854426467375488441e-01
2.998457615995087089e-02,2.869921232541781109e-01
3.754339025369068938e-02,8.973889319049177526e-01
1.544586067253128636e-01,2.994676853561404339e-01
8.417524302054129048e-01,2.555174252646736921e-01
4.899200606231818300e-01,1.321661022268261210e-01
2.727725754777414746e-01,6.351402948665241244e-02
4.889517029424224059e-01,7.767020604832094444e-01
4.944363753889502444e-01,4.811043754021651075e-01
1.026038015953805171e-01,2.872525299147232758e-02
6.421925414217143357e-01,9.484674483295205683e-01
8.609082355851876978e-01,6.031708997626761271e-02
9.320174030837504731e-01,9.516977961530419527e-01
4.822059777386595858e-01,4.251577674901819703e-01
8.322182663890917986e-01,9.718154154438353176e-01
5.127550345164727519e-01,3.321706614307958771e-01
7.830869856244384586e-01,7.773668472274113395e-01
5.543618595713546426e-01,2.097725901079627864e-01
9.506133996605672376e-01,4.450323805021617618e-01
1.999070538004983355e-01,5.458147240692042823e-01
5.923187775980056635e-01,7.799548242482279292e-01
9.065334193251559647e-01,4.150070391932577651e-01
2.254533011131648612e-01,7.363306518842374082e-01
5.635595650960636416e-01,6.151795092713481239e-01
4.828166430527159880e-01,3.277051528343718489e-01
7.043301442739973162e-01,2.954196965928050922e-01
6.511587687270319336e-01,2.816996624283993889e-01
2.715895158947253529e-01,9.103909225747196521e-01
1.268655941790729491e-01,6.810029465060229992e-02
5.470612139665663731e-01,1.857954902365667182e-01
3.016409858796883503e-01,4.123893326415820626e-01
8.143595400708676380e-01,3.572821366667352505e-01
9.235130949923164856e-01,3.009166673825625082e-01
8.905904997812932322e-01,7.063019118173347044e-01
6.168447659127251903e-01,5.524445074456665328e-01
5.660098829571473811e-01,7.718115638312370574e-01
7.656482673740588885e-01,4.155509282460796427e-01
6.626749923516676022e-01,2.508955493490491184e-01
3.703951494589330373e-01,5.387662670658147634e-01
9.459959556902568512e-01,6.386895196620294701e-01
3.727385655596962000e-01,7.700988988496020315e-01
4.734483797558475260e-03,2.108405580819944225e-01
6.628919981179964838e-01,7.440125163603716896e-01
8.197080835931148668e-01,8.819642017506007514e-01
3.047671244256455747e-01,6.451139763466605670e-01
5.840742073432592107e-01,6.176951439128663957e-02
7.489812465332722491e-01,5.631985917527854157e-01
8.816686051596559492e-01,4.315498881855029945e-01
4.488074980529794811e-01,8.844011085742237155e-01
8.646610283390496754e-01,4.918179696801018297e-01
3.434442878997195914e-01,2.431466035982832175e-01
7.730479231877485091e-02,1.591588360231108723e-01
1.255855454222101208e-01,1.445702017800065686e-01
9.608928545934839471e-01,8.944099709427685285e-01
3.755244769776887592e-01,9.311691869463488702e-01
4.153655552819603969e-01,1.796996421216286999e-01
9.940827108317608074e-01,2.098086650135441156e-01
2.772028595833009312e-02,6.354874392691145513e-02
6.632411812773412185e-01,7.755292221867239322e-01
3.338154695207035116e-01,1.257670373377972606e-01
7.134440798084962232e-02,3.594825128126841740e-01
9.018619887242623756e-01,1.250116006706678551e-01
5.816749705017910665e-01,6.230847509041146370e-01
4.853329466046322205e-01,5.039602206574704812e-01
8.286379398584376998e-01,2.931597078448757721e-01
7.933799574909410346e-01,5.251797368663909671e-01
1.475336562701929921e-01,8.289291828838907250e-02
6.397449401845725081e-01,3.427239218167856816e-01
2.140861232663725522e-01,5.298011690183672684e-01
2.640502281887515679e-01,9.364156341138066830e-01
4.586078313394721384e-01,3.845997744169118437e-01
8.717024122004563003e-01,5.860601813541740368e-01
6.527283693874986747e-01,4.360657377306316196e-01
2.981144160272730659e-01,4.298956340317965363e-01
7.682161081355975973e-01,5.994077834824446116e-01
4.276295145872834880e-01,7.338071723034085281e-01
3.233813833053604814e-01,4.858372571578729593e-01
3.784777033563568871e-02,5.260565974646183030e-01
6.770763833294264344e-01,4.461835990284396258e-01
2.555834462505868210e-02,6.079053139929169181e-02
6.172587802551227076e-01,1.017873243893030466e-01
2.971324857117884077e-01,1.478313427545792091e-01
2.643662620259835672e-01,8.083216007632822997e-01
3.001888095774136733e-01,2.049416006356785669e-01
6.896105153270079002e-01,3.152177764848014263e-01
4.011062935159483978e-01,6.678359299456230191e-01
4.277389911265462308e-01,2.704804708495532894e-01
2.408663809981885784e-01,4.913957601639056261e-01
9.454569814737564526e-01,2.983912787283369283e-01
8.878121825340470341e-01,9.582134184427708590e-01
5.076603138284697669e-01,9.009349067745844319e-01
5.675399150497457690e-01,5.233776735588224760e-03
6.947591956443512906e-01,1.953350370823840887e-01
8.104651233048557613e-01,2.486941325838759598e-01
8.390235064823919897e-01,7.672281031953342989e-02
1.225703253929122383e-01,5.841163962936061216e-01
2.987953027602407996e-02,8.695459891801242680e-01
1.213989909022665792e-01,1.242779075795392707e-01
7.721842076371709940e-02,4.646543656035161396e-01
6.023164003143741674e-01,9.021589867063782853e-01
5.671077164433293571e-01,9.179077724159765417e-01
2.539847681603260021e-01,6.271139553098018515e-01
5.513849776816044379e-01,2.789153813656646275e-01
6.796957613565333123e-01,5.053064688214909950e-01
7.798350158956790512e-02,9.793807591029173309e-01
3.651536297737616454e-01,4.291346559219263446e-01
4.861602681794710001e-01,5.863528354021875222e-01
6.535538301384971049e-01,1.494470469224616904e-01
8.116045305386881958e-01,1.112723757535146740e-01
7.147206418076040846e-01,8.983576965823816263e-01
3.690843326579752448e-01,1.311995406372045148e-01
6.238054947805055095e-01,7.577059666368913815e-01
6.464207743544392315e-03,8.991933040738508964e-01
2.040974918528837279e-01,8.858740162765533777e-01
7.430375431574540723e-01,8.000567717774057508e-01
8.582051940295803982e-01,6.681189148727381122e-01
6.542741031263765716e-01,5.559998581047201904e-01
3.599561408342742963e-01,3.229192798700187828e-01
5.050867681934469999e-01,3.433166301378445251e-01
1.911969262668553604e-01,4.095831223101200624e-01
2.692576597495632829e-01,1.355695390517182020e-01
6.258469634977167351e-01,7.610532873149932209e-01
2.188121438477561576e-01,2.484414576348724646e-01
8.011500950611581962e-01,8.370885379051203889e-01
4.040953557030202425e-02,1.752232170050563864e-01
2.906056595498385242e-02,9.731188296440038688e-01
8.269528423127348038e-01,5.741112039119622423e-01
8.852865135453639178e-01,6.030856168105358517e-01
3.441734347856226783e-01,7.964485877668647795e-02
6.046452833084182688e-01,5.376747443309511931e-01
8.361882790399474130e-01,3.259489395900105890e-01
1.021560310003478689e-01,1.106770155878659123e-01
8.384149175512589647e-02,2.616077142249306764e-01
7.107002011325230795e-01,3.040721739796399259e-01
7.289485965923223620e-01,9.488033530257707904e-01
5.889188045494382351e-01,5.341812889126965613e-01
3.376861773811858924e-01,9.300482044759925682e-01
7.271951579757612860e-01,2.746260283785870726e-01
1.483119260864105282e-01,4.757699483836439480e-01
6.521686920021361189e-01,3.692257408215652292e-01
9.168600060533349527e-01,1.967448542181821081e-01
2.655204653785762092e-01,2.522724457147956789e-01
2.353520517233772535e-01,3.519413248919944781e-01
6.735111939957122429e-01,5.180431316719789070e-01
3.920840218850891734e-01,7.723503395227849788e-01
2.269695744670167104e-01,2.578967646666756597e-01
1.866012075712588647e-01,1.418882528630260875e-02
8.347676091559316225e-01,4.177659513282617754e-01
7.405636000905944094e-01,5.576103603472282177e-02
6.635038562707771259e-01,4.042358415097215829e-01
4.061172420559403529e-01,7.030988686916597175e-01
6.324568201308471416e-01,7.292992911176052750e-01
8.682652012606675296e-01,8.614082531919546870e-01
2.041776477504517739e-01,9.255074017685633869e-01
2.745444150900535618e-01,2.273524543927969432e-01
9.959424794823472649e-01,9.679144918061943770e-02
9.366163574955791438e-01,4.447088771547987873e-01
9.718007509473007843e-01,4.826870755696870408e-01
7.166468005734919489e-01,1.432098034894225824e-01
8.186547263642945937e-01,2.505040136827031416e-01
4.806180157137690534e-01,5.545042037700467219e-01
2.486270360744529118e-01,9.626713146949453792e-01
5.979243161304775844e-01,3.876323567910151535e-01
9.206368402867174394e-01,2.927940286391454983e-01
4.221298623559630592e-01,4.849590599846528294e-01
2.950008432515616175e-02,4.590282798191956948e-01
3.253634004517916845e-01,5.874541943084669038e-01
9.613656100855876296e-01,1.575437444453136049e-01
5.705179560091089286e-02,2.143849889323343749e-01
5.853846308149091016e-01,8.592709971124135038e-02
6.417030805919697878e-01,2.040345064787058016e-01
2.198143720881119423e-01,1.687660995863522473e-01
5.373119221259115008e-02,6.046003385864145985e-01
6.680232059856697768e-01,4.465149992389032541e-01
6.969074286529629569e-01,4.595996978917721298e-01
2.660807273600400702e-01,3.728288655555622721e-01
2.830164630970182227e-01,7.557396876523614360e-02
3.661311692571500576e-01,4.512322671745537805e-01
4.996023174777791676e-01,2.596538963692307522e-02
4.899938223470694521e-01,1.965168574752897968e-01
1.677821366978901052e-01,1.287375947239266516e-03
3.969638161798416665e-02,9.799478654898056140e-01
9.324438944040825961e-01,9.919744376500750915e-01
1.114363215236596760e-01,1.393914532026907516e-01
2.909975972664775590e-01,8.982271662994828487e-01
9.619273473106920713e-01,1.964192482535103146e-01
2.630330138886004532e-01,4.030841846453220301e-01
1.056042914613501971e-01,1.168446564618287331e-01
7.902038505378667921e-01,8.481206042325639682e-02
2.702463783048664192e-01,9.096354149018714974e-01
2.876929500743858892e-01,1.858185255825436366e-01
5.987516026858148432e-01,8.307451227274231798e-01
7.704271378898516209e-01,9.789393326928480521e-01
9.807692849579845440e-01,1.365245295309622797e-01
2.541135666997109688e-01,1.766803793431878100e-01
7.495337682887072139e-01,5.749793210583573622e-01
7.163708089641496191e-01,7.159189813229450694e-01
8.255636436270825662e-01,3.460692373247011844e-01
7.159403517760369873e-01,9.755516680822104991e-01
4.543381920375849647e-01,4.918636322739078359e-01
6.280588961146617022e-01,3.101453528238651280e-02
6.925812731317053661e-01,6.173274416772361883e-01
3.385571472304429452e-01,9.378818090620751891e-01
8.380727124689577590e-01,4.803348253255002032e-02
7.597040841354225638e-01,3.085504297564484188e-01
4.770350088690372692e-01,5.916919863856850981e-01
5.406893622195753091e-01,7.049721445565899636e-01
3.192002302123718716e-01,9.614646092095476826e-01
6.578424158782614217e-01,7.141851637450463697e-01
3.327516449542788912e-01,3.496303594085469202e-01
2.497901668596125280e-02,6.722871204034808201e-01
4.258705973129066624e-01,5.332419754316104488e-01
8.781813641850915175e-01,3.273631746367968720e-01
9.985857458265703368e-01,6.024194181404960435e-01
4.941838461961609585e-01,8.205578143007374869e-01
8.975173439052160917e-01,7.783526053320372062e-01
6.437106712864339997e-01,1.865438865457624829e-02
4.903444600636819306e-01,2.276029797439005353e-01
3.812310324815826323e-01,6.724444655861724351e-01
5.061677355415179491e-01,7.416439566777838222e-01
8.396223093605291732e-01,9.295004132698175825e-01
2.082850421602745472e-01,2.331264464111574286e-01
3.995485378143706079e-01,5.549328200159597824e-01
6.357077993857231935e-01,1.641745065883065680e-01
3.120655880589818798e-01,1.954789897590525349e-02
4.345217106502679005e-01,1.408119971405359383e-01
4.266659355831159406e-01,7.404204352169880821e-01
3.823379643403068684e-02,3.756383550301065632e-01
5.314518641335600480e-01,3.491371678396461009e-01
3.122668129508218149e-01,2.352590747855518583e-01
2.963990009064952913e-01,6.209589660930688870e-01
4.417411567199804878e-01,2.409352587221822439e-01
5.611931433385130008e-01,9.312899791678946881e-01
4.795916955717741681e-01,6.192447063164335797e-01
2.144600599452906042e-02,7.868934372833492619e-01
8.557713582733554869e-01,4.388779699517503241e-01
3.906810953651995710e-02,5.142611635518913316e-01
4.779080335773825405e-01,7.216266509957607322e-01
5.447217373017126940e-01,8.998588996278892305e-01
7.255286228818772498e-01,4.209757711911521483e-01
1.236815275419916871e-01,5.268015262560107326e-01
5.151171006076641357e-01,9.887020164988894466e-01
4.882075535884167206e-01,6.139377392056981630e-01
3.765565250109931261e-01,6.819195345826873922e-01
6.172739043943743509e-01,3.479044442891455757e-01
3.458276925482265396e-01,9.022506847293390031e-01
7.575095790360814041e-01,6.806978001824645075e-01
1.407921292100510202e-01,7.154043262081293264e-01
9.554078260573420911e-01,3.807412264329235185e-02
8.331689230108032529e-01,1.627663255114684127e-01
3.013791560185919982e-01,4.722708170696093832e-01
4.904848331776944237e-01,5.737155425241874385e-01
4.820696923954753688e-01,2.533232208087551340e-01
7.394459671897016806e-01,5.877621839283246885e-01
4.576730100176612526e-01,7.057873814105314336e-01
5.780411308174610019e-01,9.373485385984013929e-01
3.816752817107468276e-01,8.866223017116393601e-01
1.440466562593301081e-01,3.035615444918573491e-01
8.820335639476670764e-01,9.263823895018382659e-01
7.316289763461303330e-01,5.667908799141962994e-01
9.380046909029253754e-01,4.195290380144267584e-01
8.634695108345714631e-01,6.055248796230371378e-01
4.879104173687422996e-01,8.086158198361561578e-01
6.747978430412240325e-01,5.901900878992706323e-01
6.494879503496602258e-01,7.849257725383500528e-01
8.605491170161050363e-02,7.968422221994519994e-02
4.831523239216750643e-01,3.553141841146002511e-01
6.687955553748344828e-01,4.613320195419923220e-01
7.442061922577296595e-01,4.601915878243346691e-01
6.328697098802157361e-01,2.809452095951565642e-01
4.558198866984319864e-01,7.353412235686226373e-01
8.457974711448655869e-01,5.462502662797956710e-01
3.262481791807672060e-01,2.079953873018338673e-01
1.712470484453803010e-01,9.764497725001430872e-01
3.358098144293395482e-01,4.788258464942951598e-01
8.132033197386543399e-01,9.571992353654135144e-02
1.965233002718469457e-01,7.830473053760433899e-01
6.424522414078912558e-01,5.424224567442230693e-01
4.184856603601871949e-02,9.131776267042110984e-01
3.158103883985559079e-01,3.728069776795949197e-01
5.372260617967623553e-01,2.472305909191189199e-01
1.692624648035362389e-01,2.795611949279114272e-01
2.999962479613552668e-01,4.760065698447278892e-01
2.826882593392674448e-01,3.317543277629664278e-02
4.362389278416481941e-01,4.034415728938478551e-03
1.039469244540300874e-01,9.889937142240056156e-01
7.868270035922795280e-01,6.959209122377196799e-01
1.632419020421312927e-01,6.816777209738904553e-01
5.042223106383745268e-01,9.435199452964326827e-01
3.651968991766012529e-01,5.214358054618498661e-01
4.045825590448340892e-01,9.165164346301031273e-01
3.876612077069468976e-01,6.362510850388254369e-01
4.974501544096050498e-01,7.878782494948354254e-01
9.441267541923115125e-01,1.095423074822217124e-01
2.793850751290050116e-02,5.006692807441532889e-01
5.176334569282834419e-01,7.700817309161648305e-01
1.873059533116648856e-01,1.325058958000061571e-01
3.187102241275490133e-01,5.368233932794012064e-01
6.236928842381241900e-01,8.455035796124724667e-01
8.762667897183259447e-01,5.926042278942248442e-01
8.067071442485069799e-01,9.513491080190712434e-01
9.788551994057694827e-01,2.426636816523073392e-01
1.349348258398679334e-01,5.784216087057081346e-02
4.432816849547194238e-01,5.545308777790480814e-02
8.837849041837190223e-01,4.974424355194728697e-02
7.406594989775610038e-01,5.172366279140747647e-01
3.256284885608841106e-01,5.560788666436327077e-01
9.604031711987202069e-01,6.434894694686583705e-01
2.938207647967794323e-02,9.769586250234806313e-01
8.963245900686288570e-01,6.378816898875799835e-01
6.765894392496942800e-01,9.704331133614672034e-01
9.497288286517796552e-01,4.440850692802145172e-02
9.384013783100995099e-01,6.251518671625743151e-01
5.377910041228728399e-01,3.305971200968882417e-02
6.315291963485809568e-01,1.898973134974761834e-01
4.046310935179340262e-01,6.840642318590864912e-01
2.122460369710594819e-01,8.628336174745975251e-01
4.944230755498979502e-01,2.737621218959732650e-01
4.086907113049886853e-02,3.672726029292804339e-01
5.572340645710260887e-02,2.589611116561785220e-02
4.065362343717531246e-01,5.469921745170022165e-01
9.478453403788557052e-01,2.687111232401168115e-01
6.308896268273715968e-01,3.311525492480631438e-01
1.691217283582620023e-01,9.131857924778861157e-01
9.918880107920834410e-01,1.169690460888906935e-01
8.730447693620313476e-01,3.605126954720253574e-01
8.338945536076600717e-01,1.759354867864700855e-01
4.979083357581182145e-02,1.438080235613348190e-01
1.764081528107701580e-01,3.360861175884005680e-01
2.418790604933330757e-01,6.296954921612593070e-01
8.334208590277234485e-01,1.077461186503577695e-01
1.857661884853554213e-01,5.285305924157479573e-02
9.689302401547756904e-01,6.446280175447196559e-01
4.200653389768351786e-01,8.484759597022347721e-01
1.054809682539081805e-02,1.927055602891517561e-01
6.076592994301217576e-01,2.409115400730104106e-01
4.177885610460622123e-01,9.143311883793419081e-01
1.936286988175087709e-01,8.837952186497664009e-01
8.108017322436589236e-01,1.628829930284643179e-01
4.394006269376137253e-01,2.476256492533742692e-01
1.648744102567756276e-02,1.415698096066388967e-01
5.628697135684939123e-01,9.366287603090600600e-01
8.465332742467268634e-01,5.234480762361549688e-01
7.558973615882120800e-01,1.491879895139214263e-03
9.315654620743328840e-01,7.478581173932981052e-01
5.123574767467478086e-01,8.033392140742628973e-01
7.365305241765068844e-01,5.976712540182911315e-01
3.123724157497143050e-02,7.910794576783741761e-01
6.245980821492206347e-01,1.710573818355657361e-01
6.211375986630803814e-01,1.641123843242813241e-01
3.214769709828583233e-01,8.564524996695052073e-01
9.519617372126288890e-01,1.964558453974382113e-01
6.258068360548185716e-01,6.906735746385982422e-01
7.303163196645315880e-01,9.735509975324656562e-01
1.166176832083520853e-01,3.116267013112292705e-01
9.936873764452185398e-01,4.596431427059255448e-01
4.654725431744568542e-01,3.766776113771634904e-01
9.202861733318690174e-01,7.299651849996279251e-01
3.006587829988871530e-01,2.165823946207656725e-02
5.714362759417934701e-01,6.782948937436260595e-01
4.233071162652396469e-01,6.072558537259150624e-01
5.784455396262863092e-01,1.302160449101315010e-01
6.360041264098467151e-01,4.340189555849660596e-02
7.465605202971270504e-01,9.911698130352056824e-01
3.248445493490690339e-01,9.061321415014516045e-01
5.413399468314645802e-01,7.990989800440976287e-01
3.503842867239842507e-01,2.366128584664652923e-01
4.120576273404009671e-01,3.438304926394697425e-01
8.337963558919601059e-01,6.779326557570145573e-01
9.709538625032699821e-01,5.006112991944488000e-01
4.446212413254635454e-02,3.775766852899696824e-01
8.328336369225017854e-01,7.779964962398385753e-01
8.269991386183718207e-01,7.169268452175706630e-01
1.186286340862702238e-01,7.458567208685608074e-01
8.580887744100995640e-02,9.877916096155525683e-01
5.194863493706226576e-01,3.076783774937628113e-01
1.296863380082735606e-02,3.234299559226434528e-01
3.870866198802013214e-01,9.083118461441042069e-01
3.563617749248830791e-01,2.508691602953990740e-01
4.538047883583646858e-01,3.843090821831441906e-01
8.719623709481394425e-01,2.008768770500084511e-01
6.103326180234104337e-01,8.409274011269980420e-01
6.775050298826523765e-03,5.192337881175966841e-01
1.067710309673158831e-01,2.957776196858175055e-01
2.456082917346398276e-01,3.576762281242940045e-02
2.135093117956554654e-02,9.386750608544478514e-01
4.342088297566352173e-01,9.733340897970496064e-01
6.231870843285333139e-01,3.711045973208051407e-01
6.168261912712774686e-01,8.752213822413030808e-01
9.214520806006709641e-01,8.527151809728923393e-01
2.877600557255756142e-01,5.037678401135408102e-01
5.516562218320923972e-01,2.225872752511228736e-01
4.553378170315821594e-01,2.378769449097746236e-01
2.654421644757426479e-01,5.387535647292818197e-01
6.623249625993170575e-01,2.178742190158482472e-01
5.365598125643230576e-01,1.339854645008720091e-02
5.366291971686154572e-02,1.433257448424933855e-01
3.196238599083778276e-02,7.279195199908633507e-01
9.470106533139017735e-01,1.454702727647283478e-01
9.700544538976221265e-01,6.054181323403727832e-01
9.430559255107273664e-01,6.586669743267637989e-01
8.542766838436349763e-01,6.788058616483279017e-01
8.396246508034644895e-01,4.504174751716794045e-01
4.205620210176241880e-02,3.321691153566727062e-01
4.148973445590886655e-01,9.618279774089928402e-01
9.338040217832419554e-01,8.898889573029783451e-01
2.525599747278061136e-01,6.473293945949389894e-01
3.559996156906648501e-01,3.917730043991942690e-01
3.912171954029980414e-01,4.513822399065312574e-01
4.807473287552439523e-01,3.200302045891380009e-01
5.247594825842388788e-01,3.595841697777819590e-01
5.260457674585660159e-01,2.581761762204335398e-01
5.242611019610574630e-01,6.183817228412861189e-01
1.191325789362606136e-01,6.418481719120161522e-01
6.029622901198247176e-01,3.323075434934148475e-01
7.245364125996832660e-01,6.174523548040297127e-01
3.703754901401035138e-02,9.016671927830977040e-01
2.360511234441696748e-01,6.658374099942299118e-01
8.036639436945647308e-01,5.297473222200483889e-01
4.623167881576668581e-01,9.670999767339371056e-01
3.961118479896440503e-01,8.660063046559118849e-01
5.535660439714261694e-01,2.439740180765973543e-01
9.189791190029925616e-01,3.540511691839209885e-01
8.729577848036782495e-01,7.637720751167907940e-01
1.929287097247059934e-01,6.198363169044152077e-01
1.907943165077276015e-01,6.417027801373210716e-01
4.896421883115669171e-01,2.370493730435365709e-01
7.079791188302239080e-01,1.626393169377617909e-01
9.726890907072935910e-01,2.748104926858551122e-01
6.077070891088842686e-01,3.619084918084718439e-01
4.941928321108790545e-02,6.970513985449764416e-01
1.839922271946069499e-01,5.674414351332178752e-01
2.817076808764163998e-01,1.760713458679287191e-01
1.845498382600386789e-01,9.559849946398785159e-01
8.723769989714165174e-01,5.341020162724664511e-01
3.321158695587127507e-01,7.215108687576198276e-01
3.133989907777035011e-02,3.905898802902946221e-01
2.238982834669944744e-01,8.392416150188016788e-01
6.121966844441055766e-01,8.186123620965041203e-01
7.011349036946692426e-01,5.390992810823084236e-01
8.362669299073246520e-01,4.620782532172050816e-01
9.736924358151922698e-01,4.525270163935357637e-01
7.409821557891345112e-01,3.782225826932207324e-01
5.095930827251429207e-01,1.582877504635802346e-01
2.367114675906274446e-01,1.260687308442344223e-01
7.362572210990359078e-02,6.565981243271031831e-01
1.671489190577949424e-01,2.142430317709278498e-01
6.840998162225542245e-02,8.431299564592434903e-01
2.204897250215048787e-01,8.852701415485323411e-01
4.672623587247602961e-01,9.107838893878456021e-01
6.513633767085690307e-01,6.266172603990953771e-01
5.510676225381448967e-01,9.306699349257396836e-01
2.670523331239785803e-01,5.313596780931298946e-01
7.747332834852066474e-01,9.668575104589237634e-01
8.048432928728024294e-01,9.326093101627225268e-01
8.333113946472551214e-01,6.888477071620475733e-01
3.757047291277190171e-01,3.019551923658020387e-01
