9.581277003952671789e-01,2.559833299881268953e-01
2.507637079697652149e-01,5.939890478274219010e-01
9.349800172001709875e-03,1.457054521912888312e-01
7.161593712845010229e-01,8.458401953493854819e-01
9.879099750162717575e-01,8.438042641193954640e-02
5.892896314397385593e-01,1.349289376038518284e-01
3.451756514894084305e-01,3.712036776429087359e-01
4.944631305659193954e-01,8.608398686417880752e-01
5.850917822266529233e-01,9.533065806303138157e-01
2.643901001198136758e-01,6.977125601360486540e-01
7.625113812124471036e-01,8.713810808612716396e-01
8.684499730596837441e-01,7.501786160765134825e-01
4.174697953560629893e-01,6.181758411719588953e-01
6.929481274218278752e-01,5.439376955289473292e-01
6.680985736712967693e-01,8.892747976332593396e-02
6.802459642011321472e-01,5.304981160454304012e-01
5.178560321168833580e-01,7.292152989959675979e-01
4.315038746169329587e-01,9.251281382564222611e-01
2.045050930258983657e-01,5.043993733207838837e-01
3.219076897008683602e-01,2.922931541665647615e-01
5.745760534553574495e-01,9.629096401102849034e-01
5.478713029287801684e-01,7.476798233418003869e-01
6.458708380563988882e-01,9.110541247943922949e-01
9.638403564498072562e-01,5.681103468657102695e-01
6.714069992814978294e-01,1.607277577915796618e-01
8.091530446741159732e-01,7.198654976277004680e-01
2.082081319935736863e-01,1.168379785484897626e-01
9.197382811589549512e-01,1.497733187523324627e-01
2.171996446969525207e-01,1.463081172064872870e-01
5.878347235361537360e-01,2.050503795402385254e-01
9.134819727589036376e-01,9.223049823857730756e-01
7.079013134874996283e-01,2.934783409354442263e-01
4.500532323452839378e-01,5.396371012665016620e-01
6.892254056960270825e-01,2.657997068557814702e-01
8.797144119801886264e-01,5.725721749644488989e-01
9.315943899872424216e-01,6.965302445980655621e-01
4.801215447305600126e-01,3.263649062065169248e-01
1.158723650039813480e-01,8.188553595442684685e-01
1.739611881283807948e-01,6.566467659916466193e-01
1.060208795282743255e-01,2.162923123195862329e-01
9.639098710992336505e-01,9.234249967311588536e-01
2.170565263413716250e-01,5.697828573864994750e-01
2.660999668812770169e-01,2.271776642376035493e-01
7.992615345856272091e-01,9.064544624513051208e-01
5.338056520886856893e-01,1.875716862113274708e-01
7.745597727514949016e-01,7.988455339428126578e-01
7.577638545603025966e-01,9.589591417651144312e-02
6.820388848175417129e-01,1.095437203194197240e-01
3.766509475520700700e-01,6.667232787610076761e-01
1.479457132311887690e-01,2.151767910040921494e-01
2.704984657344905452e-01,4.242732570504106349e-01
4.275819924495123381e-01,3.634062274152052296e-01
6.445369069583176680e-01,6.387035737792637891e-01
9.811193008861989195e-01,9.133724386048853727e-01
6.452982632117578721e-01,1.414474367106356434e-01
2.400887303726045863e-01,9.276545517551936237e-01
4.974311097732467823e-01,3.972639213735040808e-02
9.942803902659770321e-01,5.085273021062528542e-01
6.104565407792253984e-01,2.726921222324034666e-01
3.942071755389902066e-01,6.162057218332465114e-01
5.840302353379747125e-01,2.542918496704610343e-01
3.416973122817587027e-01,9.001060404846793483e-01
1.984157996144619851e-02,9.774869092369047330e-01
4.949074538270338275e-01,3.909300062563275668e-01
1.182529329838285514e-01,9.925407412634011939e-01
6.924831422842425699e-01,5.260014478816072980e-01
3.936484345389458239e-01,2.928680511453709556e-01
6.532816472954108278e-01,4.604961840265678896e-01
4.956287765203454265e-01,4.962051177263672175e-01
1.009493128434771902e-01,7.531327844477156974e-01
7.804800351439772355e-01,9.276230612955778110e-01
2.687086776773518482e-01,6.232444543506366896e-01
3.227948604738547500e-01,5.520263813906872707e-01
2.481691272039643348e-01,6.773208532567366325e-01
7.611636670992365516e-01,2.058028196309316105e-01
2.515266248729703946e-01,4.743516382014403288e-01
2.676050185038333362e-01,3.124237570035666156e-01
9.703704996522295456e-01,8.340267156323586395e-01
1.357809039985807820e-01,6.892414660812473670e-03
5.642348523039986130e-02,2.251881671926996287e-01
5.744201323938642467e-01,2.561500836902947942e-01
2.280340377762980486e-01,1.849377708898453099e-01
4.000433592516352554e-01,1.599020053378891193e-01
6.230945382041110925e-01,6.744809879481378223e-01
7.008828136390746755e-01,5.051754208349469311e-01
2.324535796091391493e-01,6.499351687070986650e-02
5.547051382778828144e-01,4.857995813637528970e-01
2.744220945432288561e-01,5.892762990578356286e-01
5.743366428937444201e-01,8.588119681528590954e-01
4.380184024243094498e-01,1.679356747974675157e-01
6.467460193644962718e-01,5.108479978512502351e-01
9.330518152184266167e-01,7.146624671779229221e-01
3.678840688696283223e-03,5.538244625908066432e-01
3.026427220896155124e-01,7.674168879822163003e-02
1.551239961558990021e-01,3.720494184594652642e-01
9.573297002354850260e-01,1.544627373294186201e-01
1.114758736287968510e-01,3.779616076765228705e-01
6.900545925518957180e-01,2.554854591782018680e-01
3.726397011433113526e-02,8.950522166404603075e-01
6.942274661394316482e-01,3.627258545187523886e-01
1.490137008982593825e-01,2.020625877736056397e-01
9.178170758411363650e-01,3.794893170932382986e-01
2.729683933091009429e-02,8.089829381613270476e-01
9.640089545334561416e-01,6.277481616964909472e-01
8.777299268163440971e-01,8.138376862949345814e-01
2.481700863243027078e-01,3.316543876409738800e-01
6.374745128485226342e-02,6.806872829118517654e-01
1.341683751400001290e-01,6.051895343661194415e-01
9.965161661181842767e-02,3.370490495446577528e-01
1.353398785775116187e-01,5.547891175907710970e-01
2.212693010957501594e-01,8.049626496862771763e-01
2.203769110702124001e-01,3.612080544424156603e-02
7.786715449103820408e-01,2.593916571751383460e-01
5.226794783394591581e-01,3.640347764073358361e-01
4.186450050554524349e-01,5.860140443746398864e-01
5.418639261446798194e-01,4.442129216349721688e-01
9.714034481714661773e-01,6.252896681815458546e-01
8.671763014037429107e-01,7.625178475430706149e-01
8.236961164762707233e-01,5.009085728964197681e-01
9.505538997008494695e-01,3.566192022279561780e-01
1.847861099843620680e-01,7.574345769102073245e-01
9.892751689699638140e-01,1.102605011514976585e-01
6.816544507326417479e-01,6.778294595693116209e-01
8.180738443421396999e-01,3.083131912322555346e-01
7.772203960398611500e-01,5.203072887547399716e-03
5.363469766235116065e-01,1.492125489274449546e-01
4.370254594052485064e-01,7.346893397596836461e-01
1.388927267233948104e-01,1.336717732733297970e-01
5.612715024363498229e-01,2.316119045351677785e-01
7.200784677641749454e-01,2.376939433224585230e-01
2.152207232116057911e-01,5.637239947852474842e-01
4.935310868232078985e-02,6.556760353906654348e-01
5.777550687844030808e-01,6.833754881850181429e-01
8.963461822415771385e-01,3.343972354421319571e-01
9.763670738196604804e-01,4.978082272708079792e-01
1.688481221308801850e-02,1.474344282438181386e-01
7.143462375446020252e-01,2.518199701904813015e-01
8.969790644261875778e-01,1.595632572735523613e-01
6.755201018021116388e-01,1.378793284912482875e-02
3.825265181829539118e-01,5.746315694761527926e-02
1.693124551371956166e-01,3.975544913436901417e-02
5.080837778330707932e-01,5.600189069612250270e-01
9.647341876643119596e-01,6.803092268241329732e-01
7.557727397951545800e-01,6.636971401425786343e-01
4.576818124453296832e-02,4.720401517198139496e-01
3.306631449222103836e-01,8.734414836639390334e-01
9.327377026606281651e-01,7.165590925132541145e-01
2.283277592187950011e-01,3.123316119167131033e-01
6.244356718170862575e-01,4.656070105794195557e-01
8.532986087315121981e-01,9.991141112594847939e-01
2.018347759212412162e-01,2.358346811785050345e-01
4.008719408146751428e-01,6.588329332364422086e-01
4.475233150891838596e-01,7.601759434624044687e-01
2.753874249376873085e-01,8.177066298915940390e-01
5.874783188389898214e-02,8.106148028309406728e-01
5.837020129861889561e-01,8.729372080919276522e-01
6.818929052353838172e-01,6.729578997923149064e-01
5.080056960761487606e-01,5.221912837342821412e-01
2.566725637107891700e-01,8.968769497494767373e-01
5.701198539119752828e-01,2.400460104046741039e-01
7.201102175506016723e-01,6.251963592755188648e-01
6.731285646204011597e-01,5.215206084388086527e-01
4.086210524988695969e-01,2.557895909938993073e-01
9.772190801855789033e-01,4.618474505858110035e-01
4.543878797348044341e-01,9.717231159661166018e-02
2.513068024843955195e-01,2.649036436758573920e-01
7.117940417804977660e-01,6.447469187234918797e-01
1.988547649198005862e-01,3.911491948255108042e-01
9.560694642553301259e-01,7.957034767430293254e-02
8.251329758337196951e-01,1.396640482874895728e-01
9.220026983661353537e-01,5.567512431646497451e-01
4.331583133219637505e-01,3.693699187007398743e-01
6.430820036107465221e-02,5.251528219389852703e-01
3.553104256898731439e-02,2.070865561995532955e-01
2.044797174220569502e-02,5.956691921543355583e-01
5.676886921973812727e-01,2.076846034572071842e-01
8.386061399916368009e-01,4.364028826372008396e-01
3.544317268727962267e-01,4.569055225775164875e-01
2.031279431872796692e-01,1.245393687012008588e-01
7.672891169157763924e-01,7.531645923845816659e-01
4.248538145547865463e-01,4.581191095538104108e-01
8.588922369456816197e-01,7.514056095537650082e-01
5.174400196856535628e-01,9.643003550047078987e-01
3.226406454898955722e-01,9.687784968530971375e-01
4.492587468685370622e-01,3.253226952365343427e-01
6.336306943560910954e-01,5.146555020550290793e-01
8.008583442265785335e-01,6.252724281388547523e-01
5.112264344526067372e-01,5.046174353891775821e-01
6.755932958002045519e-01,9.542452803724010835e-02
7.609277995914864867e-01,9.790984647138611940e-02
9.956271771431378648e-01,4.228967282988294052e-01
3.490052821686548956e-01,4.507827621772770854e-01
7.734416216803723376e-01,8.600879539674715080e-01
5.914392214185093533e-01,8.562743348880963445e-02
5.460378517724193692e-01,3.488882492224310017e-02
8.902525124150284519e-02,7.003466942345224489e-01
4.794615810653557464e-02,1.315414715551349589e-01
5.649331492784249731e-01,9.428314521920607705e-01
1.529040186084706932e-01,5.440174140293003724e-01
9.942358900857591886e-01,9.321053867914742552e-01
8.677411883339247733e-02,4.647070535927633195e-01
3.351041285592956109e-01,1.098775774096634184e-01
7.160802209895934523e-01,3.374810128234483342e-01
5.924649253808340621e-01,3.059444491526108756e-01
2.542479621266413581e-01,2.168472799250124039e-01
5.725364010963833739e-01,1.239011184173899327e-02
2.467905905812122214e-01,5.612941465405442143e-01
6.592895209092992648e-01,2.327780566385145855e-01
6.429694736499210750e-01,4.545209828453665724e-01
3.456384696876624307e-01,5.077942783507758406e-01
1.516222265748112807e-01,3.633178153653781051e-01
8.155311551790073166e-01,5.344162373014075262e-01
1.206521613175909335e-01,9.849936010611484161e-01
6.390003537194094418e-01,6.600056696115835786e-01
9.442890918942852263e-01,6.175653279808107632e-01
3.737421673640726194e-01,2.590960121010453809e-01
9.741646826994778685e-01,2.928619669036827133e-01
5.555904305440073632e-02,8.401871613550201401e-01
5.397817510898565985e-01,2.402932465825303732e-01
6.370418308814046471e-01,5.632938518563967989e-02
9.229422404459197704e-02,1.972691615692500067e-01
5.598188715132401683e-04,4.501865065718637648e-01
6.531019578661722003e-01,4.394140310110654646e-01
5.931641727240368756e-01,4.282593767455630251e-01
9.372347593108100172e-01,8.340597208959673603e-01
2.591634900721146995e-01,8.511102994480721495e-01
4.524314933765886115e-01,9.579794887716863716e-02
9.018551766857824115e-01,9.472737481390526293e-01
8.949236781969575061e-01,6.425682895368777237e-01
7.896360416407833815e-01,6.860570463313642176e-02
3.322393048741424382e-01,6.063244976169201994e-02
4.521146865212177790e-01,1.026119028175964676e-02
2.818393062486684864e-01,1.057592618555789343e-01
4.681856836479153516e-01,6.432183623520548732e-02
8.074253366948813682e-02,8.596909092554508858e-01
6.249935162238767772e-01,5.341682323100429564e-01
3.129075376437556733e-01,9.498126217240495661e-01
1.647907351399549025e-01,8.824819569528963292e-03
7.091448559511365213e-01,6.599871159972429124e-01
8.773128313546152413e-02,2.028030900938785352e-01
7.794308494819734978e-01,5.697344016470137218e-01
5.854691588274175684e-01,3.471042581496788237e-01
1.051986454996756137e-01,6.155617530343748811e-01
2.584233457466207362e-01,9.590639856653758732e-01
1.670065348960970697e-01,5.203689160282530812e-01
7.118340843815967878e-01,1.335815102642758934e-01
8.833135166840256902e-01,4.518021530318084844e-01
8.895997780602566962e-01,9.768364105476813330e-01
5.239189997707326407e-01,2.065368699850482770e-01
6.659546821875300671e-01,8.759743840094402767e-02
4.809815667175652010e-01,2.115018326331740139e-01
8.202132425462276277e-01,4.383753245081182248e-01
3.647609809563057137e-01,9.220546307085841775e-01
9.396298180405443512e-01,3.691158174976921780e-01
3.637089795763644995e-01,1.799457881749231269e-01
4.900771961996646109e-01,8.246392043032363395e-01
7.019640340475923335e-01,3.740288913031104556e-01
6.511325739721052219e-02,1.291022334932335758e-01
3.050320475496324235e-01,1.421562395799987888e-01
3.577112165440321512e-03,9.441519239590522306e-01
9.487660649964021475e-01,5.617643071208822114e-01
9.588837386148444386e-01,3.740631490430275097e-01
9.696862023164251054e-01,4.852612037262424849e-01
2.261236063998595114e-01,5.641953957272550779e-01
7.914480191393857833e-01,2.907346552774827675e-01
1.706372659296746530e-01,5.323536592117787958e-01
5.686824648735691046e-01,6.924749441276725204e-01
6.811800528519124098e-01,2.580431214732480383e-01
2.142206334289763481e-01,8.510460122094245516e-01
1.679654559676917458e-01,9.260273486243575380e-02
4.421511881322571780e-01,9.932598459918057232e-01
5.070374305766002232e-01,2.517369082296267990e-01
9.899671023898479749e-01,9.736418775305580864e-01
9.046836196548767584e-01,4.119060990258283095e-02
2.118706904216448583e-01,2.569498925228170805e-01
7.732101423405097762e-01,1.329318138203561261e-02
9.268533233693386775e-01,1.151240230479741999e-01
4.771775799095514525e-01,1.652074135714921566e-01
2.216879623656906606e-01,7.795815563139953941e-01
4.191944753703927828e-01,3.222764726946035774e-01
8.526732515445561988e-01,5.104429677309164637e-01
7.224076708954181303e-01,2.094054600118794296e-01
9.486365791494978383e-01,7.955610032944182564e-02
4.989332627800411313e-01,7.401113690555420899e-01
8.970964260887622777e-01,4.044866550474733868e-01
8.385160538562281829e-01,5.281573778876710312e-01
4.867418776172484085e-01,7.989895319964562814e-01
5.007335140563966558e-01,7.559035207429648517e-01
9.950030312934332599e-01,1.501638022464366617e-01
5.992079081604452240e-01,4.610032551908050946e-01
9.525929647325980243e-01,2.294028207106408868e-01
9.894255945479841774e-01,6.913652016776506981e-01
4.415239696622168530e-01,6.775394515204106183e-01
1.403453657118240994e-01,9.428410880000562821e-01
5.193880090319257237e-01,9.010314412251529959e-02
8.768932840050418509e-01,9.755340088467030490e-01
6.301684341881090834e-01,1.741660135399425435e-01
9.332422663374931870e-01,7.758117032906348687e-01
2.688274709331858192e-01,2.683265967628195581e-01
9.921152138848186031e-01,6.458625707145428940e-01
5.657659913194487133e-01,7.888523725792058183e-01
6.801432873607546892e-01,3.338854570804403732e-01
6.123687805094119030e-01,4.679693880131934325e-01
9.595708367766131452e-02,2.697201516543660249e-01
5.228507227511626221e-01,5.803003689624345318e-01
9.713431271353140106e-01,9.771433472524413411e-01
7.500906911435785140e-01,3.866964474054180867e-01
9.048403292981078705e-01,4.167829644792865329e-01
2.869357434365171766e-01,4.614543542703976042e-01
9.389478003433383568e-01,9.582318651508003882e-01
1.320143740853844117e-01,4.288082950035935204e-01
8.172399119554152325e-01,8.595869896332171134e-01
1.753023404489156833e-01,5.229133147786277913e-01
1.692682331528979622e-01,8.716404086875970680e-01
2.090745732103110877e-01,7.917023876899875745e-01
6.603316325443527868e-01,8.690601817985338373e-01
2.884615346049914653e-01,7.908731529902678359e-01
4.243934006569763939e-01,8.457530909313828449e-01
5.961294015995274309e-01,7.915685077736189790e-02
7.158742625972935869e-01,9.078902577702487875e-01
3.586538115300741403e-02,1.206347975373200931e-02
8.400975047889485126e-01,4.535777870551761515e-01
8.935147689295621642e-01,9.958844030787165069e-01
1.758883863631797162e-01,1.132565415702314615e-01
6.163670818315187816e-01,8.122253349722504678e-01
5.465087720800705373e-01,5.315604867757233176e-01
6.917379062700346193e-01,8.165123941105519867e-01
4.138783887699822861e-01,3.575836789574091679e-01
3.299268297112882831e-01,7.963135053722127932e-01
7.511434912378993634e-01,7.927637506743210327e-01
7.439685920241646544e-01,7.775126111953950536e-01
7.833769230848101062e-01,8.261552155000599917e-01
3.603149995644769898e-01,2.137683786497608374e-01
8.840142240909145688e-01,1.506901411336895036e-01
3.598679758813528862e-01,8.433729765920039423e-02
6.906877439602587820e-01,2.364789404639500159e-02
5.186938403860530400e-04,8.609040599521804449e-01
8.661272954213471431e-01,8.217940833739871831e-01
1.461503939866104496e-01,9.236887465806122854e-01
8.490588438917276992e-01,1.193886417021386981e-01
7.632961166800034114e-01,4.308477829893728739e-01
3.225578782625808660e-01,8.336916902548727748e-01
1.683722240596347008e-01,1.018217824090718038e-01
7.862679416874319704e-01,1.720085538138904635e-01
7.917231978336267684e-01,9.123950778883159751e-01
1.638854681995487450e-01,2.944139403034164992e-01
6.664847763165502315e-01,5.635796042226404179e-01
9.460359742242354653e-01,1.972510454644442746e-01
2.816527677955764641e-01,5.579019070970551164e-01
8.413211230733766977e-01,4.589999750555512348e-01
2.180524326098894905e-01,7.074331885466589309e-01
1.258299716534178048e-01,6.011568215040863361e-01
8.363841054226228700e-01,9.178579082519495724e-01
3.365966398358316569e-01,6.639907172732034679e-01
8.784308730499246209e-01,5.810601618281447944e-01
3.846823871308491238e-01,2.734078200509993950e-01
4.127425564216760101e-01,8.781280616375315429e-01
2.754101435755945682e-01,5.286435237713127400e-02
2.567954487656343154e-02,2.968506816270527482e-01
7.787639783789858106e-01,1.753803401484608226e-01
6.429506633384389769e-01,2.570276224553817990e-01
8.797914412125288353e-01,8.081221453304482383e-01
9.639918454766490674e-01,3.698040048625836906e-01
5.259882395973408675e-01,1.948296026738010056e-01
2.442845640319454281e-01,2.159229513325582328e-01
3.393807205844378005e-01,5.094764655184479407e-01
3.611086531187116533e-01,4.676327760283038870e-03
9.683841196893339109e-02,5.681661727986956345e-01
5.423685293351403480e-01,9.585154403117379651e-02
2.940687683305868161e-01,4.514830145778577775e-01
5.823465967432909229e-01,5.141122732637962711e-01
4.570997259904152621e-02,7.318516298572023127e-01
6.364429018495710855e-01,7.715884970817299404e-01
2.844738811019112967e-01,7.691892768443899797e-01
2.568681796289391528e-01,4.592067049290324832e-01
9.577528557045870139e-01,4.507110358688781737e-01
5.949355158605827976e-01,1.004220564527996684e-01
7.715683564591601096e-01,9.524664463749803467e-01
1.531383673709409976e-01,6.594822491190998059e-01
1.262206917953121454e-01,9.435657132791472890e-01
2.112196464228608406e-01,2.649081310972788428e-01
3.700869553579934079e-01,8.736544175795402101e-02
9.621583459722329312e-01,9.601618373984932564e-01
3.978978992824346861e-01,5.948848430453015368e-01
8.337930979637643292e-01,4.267618628190473773e-01
3.869314125970528817e-01,9.981050855512320075e-01
3.320534246091304542e-01,4.651256983001026413e-01
3.528704515917033824e-01,9.752956875465544906e-01
8.626182507550879119e-01,4.886990579248846611e-01
5.250846809008782312e-01,2.804391966939735470e-01
1.998013494009742708e-01,5.329488175853326348e-01
9.134447320449254892e-01,7.605040371921849562e-01
6.823675203455707994e-01,3.530660287827337429e-01
2.397650198483171069e-01,9.438570036448186151e-01
4.594432640354283448e-01,8.047331489711192498e-01
1.441602781438602321e-01,8.557206312743291798e-01
4.591454647617809748e-02,1.898628155733672607e-01
4.614343318254098270e-01,1.375431213308875300e-02
5.701759482460502237e-01,3.306154632147508821e-01
9.108758961486584926e-01,9.885535544620517312e-01
6.710252436467509796e-01,2.380603087366028880e-01
8.603868358565958108e-01,4.948767359752626049e-02
9.116028411506837958e-02,9.548713206373993234e-02
9.191619082642651373e-01,8.954464535554280680e-01
1.525632397025407094e-01,8.797584428220072139e-01
1.857249190857425125e-01,9.765946715595775762e-01
1.427678820960806005e-01,8.732367872491630933e-02
1.596495626713826388e-01,8.571582747413113434e-01
4.434233184985598708e-01,1.886773308692395457e-01
8.261850815126291492e-01,5.656988626272266840e-01
1.316166501544301370e-01,3.748115836734141615e-01
3.358847690707608136e-01,5.428499508912622007e-01
4.343844335277358137e-01,2.699390494348434810e-01
3.514492219533956741e-01,7.959770375790004016e-01
6.455506735971197063e-01,8.378008730974947360e-01
9.886316505113122988e-01,5.413338561665205217e-01
6.835374832260946443e-01,4.316733403489010357e-01
6.594475115818253519e-01,6.779134992051777386e-01
8.467849889837376631e-01,6.068629895031103505e-01
6.075703945193985378e-01,5.788536266227249927e-01
7.462662408305080763e-01,9.918921452431511687e-01
3.374964951836419980e-01,7.708047272926655813e-01
8.815685436699955968e-01,4.474371715898517454e-01
8.671021951535888839e-01,4.354279456372198709e-01
7.477533256579002030e-01,8.317984354080992793e-01
5.277363879734700003e-01,8.995397971550854743e-01
6.396433685854636675e-01,1.421862817754959707e-02
1.179779942043273078e-01,9.796671654890648506e-01
5.348772606691087894e-02,6.427078118863693845e-02
8.007224458296036129e-01,2.583083686303595528e-01
5.778199702875045363e-01,8.632280984564262294e-01
1.424508104967140421e-01,4.723822598788454119e-01
3.755760377201986522e-01,4.161383633232595969e-03
2.243357021332060830e-01,1.500068376260522696e-01
2.391527940212624381e-01,9.686536154227752826e-01
4.045646126614824700e-01,8.511404601661183289e-01
9.203593661008876436e-01,4.064532205784162633e-01
4.392793544049821142e-01,7.715877100698397273e-01
4.979818629706844746e-01,5.679731989278106186e-01
3.349604480474318580e-01,2.074106718393946558e-01
6.002932994263705524e-01,9.157267175555414696e-01
6.534783952418540265e-01,6.083270296117327947e-01
2.900123840966812860e-01,8.685144061770952995e-01
2.186450102598813672e-02,1.101706456456315042e-01
7.456765870690580389e-01,3.456227452915529019e-01
9.632026402004595367e-01,6.774405721008588399e-01
1.412294867119270325e-01,4.080890080961356858e-01
6.354601974691727051e-01,7.809864378110653593e-01
7.033969321330330038e-01,5.799662829409557574e-02
9.741617506788922132e-01,8.802181325254391231e-01
9.947637627859637899e-01,2.388522075173391546e-01
9.066640050463468103e-01,5.790011478972703074e-01
1.059475223862536009e-01,3.371116226023317397e-01
2.904514875529768947e-01,5.391447456440532360e-01
8.744897214070329605e-01,1.284250431756173150e-03
7.203452864554646951e-01,9.924713650705330181e-01
7.136681298303803045e-01,3.017836415438167608e-01
8.672871785379373533e-01,9.906802468216224788e-02
5.014419128702499728e-01,7.059130649601914609e-01
8.844946441581863494e-01,2.091615584397232830e-01
5.238724046855707250e-01,3.466784609480690893e-01
1.613869003771014610e-01,1.903061627944502288e-02
1.258390858638575027e-01,6.050330144564117774e-01
1.887717668242264724e-01,2.041810624995848977e-01
1.912854523663686246e-01,2.847002870569916855e-01
9.422414558429303977e-01,3.012439892830487409e-02
9.625533098058400849e-01,2.849446675507349980e-02
6.329939919273747106e-01,8.648490818655717449e-01
6.730794682740857127e-01,4.171855322652169296e-01
6.346497490688181031e-01,2.472608846089217050e-01
2.099572368206044093e-01,9.833088301112089535e-01
3.140979273971188368e-01,9.305853242569758210e-01
9.083778121072306755e-01,8.499946931204692691e-01
9.575129219621582033e-01,7.922841476644026937e-01
4.344293968433176056e-01,5.427525939880122330e-01
9.857816300512688423e-01,7.378133324851690045e-01
9.293611793052328762e-01,6.441778039664107780e-01
3.918024877387069616e-01,6.999336564753007028e-01
4.569663241330466086e-01,6.237085260936549025e-01
7.772574128451685826e-01,1.246253931222173206e-01
9.704348646990962335e-01,9.067989078366345268e-01
8.108648159904094932e-01,3.586126204896439296e-01
3.290577869140950407e-01,5.132890477658288431e-01
3.713057610098656758e-01,1.540755501836231778e-01
1.850845227813470162e-01,7.206291576103455165e-01
3.128730667150949607e-01,1.919797309669187824e-01
3.347100526309716439e-01,8.936373584399578407e-01
2.626507983033887772e-01,5.369385538470938801e-02
6.385148778287652593e-02,7.318164389711393492e-01
7.752244151561851204e-01,9.401129764332298855e-01
5.355278936737380979e-01,7.240606897316715918e-01
9.362033090464702001e-01,9.390406329150997600e-01
2.631356135853990530e-02,8.199548409109375102e-01
7.908073947900188250e-01,3.133136532471992863e-01
5.905675931925822297e-01,2.390212961630580057e-01
4.028610576454578762e-01,9.059279437823315462e-01
2.912841210789539614e-01,8.510201279132353358e-01
1.223052379893456720e-01,8.608583560244276178e-01
3.931795552180176179e-01,2.489825695207917855e-01
9.136838731594829621e-01,2.990119324142946899e-01
1.646850329657226775e-01,2.455397670472809768e-01
3.687154609366141145e-01,1.556395490361621725e-01
8.377519359276912603e-01,5.761469436828070556e-02
6.496796413699199579e-01,5.654958557116723794e-01
9.302624072631402452e-01,5.442643123061464694e-01
8.905529281309213507e-01,9.172133802421811311e-01
4.147119289295830846e-01,6.449250608089743819e-01
3.173564095828401710e-01,6.435532033658781792e-01
6.270388284493730868e-01,1.136434868242959251e-01
2.300944610860690132e-01,8.390593377705991562e-01
2.486190446970166779e-01,7.566510894419673505e-01
9.584038981636588961e-02,2.577478772327960188e-01
6.006672917489782604e-01,7.940355903411575600e-01
2.779936756427791034e-01,2.588830134202725342e-01
4.945000602636426823e-01,2.571989360152580062e-01
3.585035461145102964e-02,5.317596701045580465e-01
6.322860479382784726e-01,4.102014837218588283e-01
1.253232347754182907e-01,6.681228892713231282e-02
2.128156792615081283e-01,8.099136584163535435e-01
4.455217738390350180e-01,3.667201669104062089e-01
8.840052544788400413e-01,4.217281937801407032e-01
3.178463348332756233e-01,8.991872812483302502e-01
1.393495178079342534e-01,4.198917234842136637e-02
6.582159388438914016e-01,7.029002597265525676e-01
2.485635381995537907e-01,3.774639935382322342e-01
9.042232254762981869e-01,2.905904750119111535e-01
4.816857563323506675e-01,9.911544516627180945e-01
3.566215227245423947e-01,6.578771701422723162e-01
5.381852918557306076e-01,4.948900176323449696e-01
6.029875570159264342e-01,1.663244864560579073e-01
5.075565266835813105e-02,6.538719542992998957e-02
4.068251404565648155e-02,6.425669924473720318e-01
7.447128298155342163e-01,4.162393775749151370e-01
7.399192162213472646e-01,9.445530314737689004e-01
4.091793242664565344e-02,2.947400833382088914e-01
2.318966507873384542e-01,9.250263182374722781e-01
8.261856498888965339e-01,6.382299046300852208e-01
6.816258716994828548e-01,9.654728011976855262e-01
7.955540477797589105e-01,7.367671147714515145e-01
5.488628965968630480e-01,2.464862541261516604e-01
7.607181110836849225e-01,3.161037704228643053e-01
3.687784582383831777e-01,4.321007564287474567e-01
4.613824907897609018e-01,7.199302480292748552e-01
2.307165056310852558e-01,7.258635780050366471e-01
4.110398760635155524e-01,1.441174728279771555e-01
2.228134720151496717e-01,6.166895533912025718e-01
7.098230453142588825e-01,8.986896863773614630e-01
2.907808239501878944e-01,6.607363831836698953e-02
6.845524815462343815e-01,3.465652392232065893e-02
2.286594607211350771e-01,2.166240440058169181e-01
7.390467199310457591e-02,4.933762009300025619e-01
2.198449427038726700e-01,7.914417765970856999e-01
2.307364958865147919e-01,3.353108831372400012e-01
2.782309109000510317e-01,8.127749553094176793e-01
8.202709127131783129e-01,4.924420877016085774e-01
6.202857375138686180e-01,3.125282392082484595e-02
3.674537315111012781e-01,7.619586561765121502e-01
3.057451370419150827e-02,9.947515603583456656e-02
7.653903575301035378e-01,7.376115868203840797e-01
8.995715366611776176e-01,8.056154184224698644e-01
4.733228899176565863e-01,1.986414926266910630e-01
4.096249611703499660e-01,3.356783968341122693e-01
6.587643301748721258e-01,1.188242035972604249e-01
9.956517672426368204e-02,7.581317818550740162e-01
6.276511742629192758e-01,7.054003345669679348e-01
6.735375132280463362e-01,7.720646501158564545e-01
2.597630510214495869e-01,7.152912206291676123e-01
3.556132160394036568e-01,2.369631187124451310e-01
4.899627699463138253e-01,2.921282756612619824e-02
6.550924035605666385e-01,9.678514733637733070e-02
1.219023744445997259e-01,1.610099199301262551e-02
5.824166448538854457e-01,9.877811755613956635e-01
8.206223873845385208e-01,7.802228183297741371e-01
9.236798960434078332e-02,7.727663508439130968e-02
7.940650127129987856e-01,6.582201377613398074e-01
1.956253036473557527e-01,4.108378958805092296e-01
9.854131396817357169e-01,9.645359026092008570e-01
5.035825858525226906e-01,4.437680674656289126e-01
2.919899392399529781e-01,1.973254401652740908e-01
9.549876641250004683e-01,1.434342478358264783e-01
6.519130798386049142e-01,6.394472078884666510e-01
4.860338875352406829e-01,7.292609379512509094e-01
6.795314111296700821e-01,7.451284611543407266e-01
5.793531805612990304e-01,9.149078278678427489e-01
3.846392730976588847e-01,2.247952646764245221e-01
5.752222370443297317e-01,7.489236937798663396e-01
2.859494875403663094e-01,3.279977114788392711e-01
6.005655703518518740e-01,8.236908699362829323e-01
4.148678513161042636e-01,3.764581984782200408e-01
4.285955323055284927e-01,1.428403375752484994e-02
9.546462391381635992e-01,1.066477597835857605e-02
3.208994337299952981e-02,3.835772029110242620e-01
8.561418845793822285e-01,3.598303175206860605e-01
9.281831344623731050e-01,9.218151914701639971e-01
3.787063732125878213e-01,9.215487267102011604e-01
6.308683442405678132e-01,2.333091750300561040e-01
5.915531408903129673e-02,6.217305836105412320e-01
2.253174605982545264e-01,4.440452714847522575e-01
6.329276304782420759e-01,3.029775409085498916e-01
7.395017865131936485e-02,2.233119653535043936e-01
8.275364011587689195e-01,7.092864616267502420e-01
5.139480226366741622e-01,9.914647116844094166e-01
1.404952393072973482e-01,3.479812637984799339e-01
7.113527203661724752e-01,7.955235198127296181e-01
5.582174407449636000e-01,4.197738873977422402e-01
7.097242193325853377e-01,3.304803577618421473e-01
9.715298862790803236e-01,7.752460326254793088e-01
2.720282642582950716e-01,3.506377617732532315e-01
3.111922141740619541e-02,4.850089516333679907e-01
6.480181752641573922e-01,5.890748749792715788e-01
8.766279988689400504e-01,2.559162686942372256e-01
9.673939419100779924e-01,7.454771609808368282e-01
1.442351978643110488e-01,3.974787724951620582e-01
5.352980857921413316e-01,3.133475879126458308e-01
9.407156826988045673e-01,3.212404659008354368e-01
3.221039745583840208e-01,4.589717020872260411e-01
9.270905858580188452e-01,9.512796225478564738e-01
7.931600424064937371e-01,3.522368210032955638e-02
5.343247317823653919e-01,7.497670548442875171e-01
4.487774910418460550e-01,6.665857824849896751e-01
3.799488714539891454e-01,9.650575397845613246e-01
5.951509397073299068e-01,2.233175562183290497e-01
8.793613478590579513e-01,7.897293936506274425e-01
9.101557255245437128e-01,6.097747821958229286e-01
9.844322241759385639e-01,3.541853473919664985e-02
6.817741451300584066e-01,8.558018487814988973e-02
5.097219565511673656e-01,1.597864492873322106e-01
4.721203093232850811e-02,2.815545429616633788e-01
6.148660140430920462e-01,3.055444315946838074e-01
9.389520486053039017e-01,4.904005026931779199e-01
2.777264399732295441e-01,8.834552807014715015e-01
7.928081104269518731e-01,2.432116386794626051e-01
3.404898033521389644e-01,4.749041138593214084e-01
8.297693743052727555e-01,2.636529163143785937e-01
8.309686404844379704e-01,3.809452980071674766e-01
9.800667422416001751e-01,2.081628601236468201e-01
8.416947433845589632e-02,7.112808125223062383e-01
6.357042813089358591e-01,7.430395405277724352e-01
1.581588892611305308e-01,2.790165487184967930e-01
8.448585029832985649e-01,1.637544445162003592e-01
8.937574252705184907e-01,1.245225441652924037e-01
9.357078319708952430e-01,1.368691738536416125e-01
2.361380790242261218e-01,5.069606310222742884e-01
1.565329075996478858e-01,7.830315838997825573e-02
4.749123422665493255e-01,9.802580436134732400e-01
9.916833031022829203e-01,2.049130228545139598e-01
2.778128895577128832e-01,4.367984297060804044e-01
7.530687186249593879e-01,2.657871613121707277e-01
8.149519782433736204e-01,2.017040315015234953e-01
4.165798164165632755e-01,7.064241259500156911e-01
8.284359613279330681e-01,4.838495565127673981e-01
5.842231959153948440e-01,7.261807955356672784e-01
8.249794612852349163e-01,8.271350421536378672e-01
3.784958993682774331e-01,2.116369028120093088e-01
4.246042386460919804e-01,3.977158366838466907e-01
3.401617832999923596e-01,7.176178213830115560e-01
4.430208225511237385e-01,5.357975024522630969e-01
1.544595908981584165e-01,9.728384763800097534e-01
4.430321891084091357e-01,5.550633950999915855e-01
4.898172365058611755e-01,2.941552242995193467e-01
2.551970897151843998e-01,7.706577669395168195e-01
5.407145253725810230e-01,6.985787961619518427e-01
7.227149303035269590e-01,1.525405763894378541e-01
8.198131921170086489e-01,7.913712514755595340e-01
4.038774938656684022e-01,8.870644732932195797e-01
7.621830350616348726e-01,4.548598327611385050e-01
5.038379341721795912e-01,3.070500393274567807e-01
5.411962637573299872e-01,3.282609683790712607e-01
2.300019641487839328e-01,3.278878817457073769e-01
1.578794212126549690e-01,3.144541554083771784e-01
5.109242089652911156e-01,2.902363182657549112e-01
4.263012288315173315e-01,8.238544202680196937e-01
4.715588034230885350e-01,5.322855288029139098e-01
1.029661487409115894e-01,5.578897156574953442e-01
7.951409553927187845e-01,4.949110909760671140e-01
2.562153519427139425e-01,1.000579735320297203e-01
5.675240301316277769e-01,5.162783015258149977e-01
5.832822850835109874e-01,7.469953694546561662e-01
1.677117055514589783e-01,9.948596996214822408e-01
4.750728910193525723e-01,7.724076314186287817e-01
2.035540759020922907e-01,3.900140212146913088e-01
4.841733129676727421e-01,7.851664756555387648e-01
4.820109172037636558e-01,5.805555289222465998e-01
5.866606814516774904e-01,2.858628948566157568e-01
7.878362361968777039e-01,5.071225982372506991e-01
9.868092537213385418e-01,4.672050273161689748e-01
9.443978749873358502e-01,9.112778520438349350e-01
7.728793603102286358e-01,9.455703371625167053e-01
2.050659370625097511e-01,3.782125431893648138e-01
9.738997435610701192e-01,8.700883869528073244e-01
7.976030861375507097e-01,3.425841108945331115e-01
2.104601774707915984e-01,9.938314667449177353e-01
2.604826817158387708e-01,6.297113214900558198e-01
7.946703953575735557e-01,4.465700477527163592e-01
1.437873559587713457e-01,1.859100444166857935e-01
9.242794267605274339e-01,5.419862549666425444e-01
9.974774158581029004e-01,8.234446794950168735e-01
9.840481366100567451e-01,9.898350210936510685e-01
6.413271603053134484e-01,4.440745701864755590e-01
7.734070327318437466e-01,6.727549943192671078e-01
5.092980557419681809e-01,6.623812843372146597e-01
3.811329244544696682e-01,9.297861360246343354e-01
2.321548715425609810e-01,6.247396826442074280e-01
5.059382228958296812e-01,5.922098854056030426e-01
8.173774306126605493e-01,8.895362270216755629e-01
6.608930100712507860e-01,8.433195831314955759e-01
7.676404236896998690e-01,3.896438755627326112e-01
5.029824239458140500e-01,9.064184515302344813e-01
9.601243163328547769e-01,5.179745367648019849e-01
9.483346280560619457e-01,6.311520042167529931e-01
3.745732243085531099e-01,8.729264589740917124e-01
4.807803824280920679e-03,9.258157162057609746e-01
9.683635334018969587e-01,4.788425902590714989e-01
8.334924714873400697e-01,7.399137125535879544e-01
4.258359260736936935e-01,7.323417886616924166e-01
9.170239270587459135e-01,2.854562385853641748e-01
7.772985511426729888e-01,9.381192616458642330e-01
1.407945953412583773e-01,3.756634095505566595e-01
6.580859654583559593e-01,9.955340407452137885e-01
3.139488181742146056e-01,3.640073718759138099e-01
1.122239342423758668e-01,4.960522101733344513e-01
2.155841735601909948e-01,7.274169915327439728e-01
8.168686486337440877e-01,1.481102060105693452e-01
2.100867675007087598e-01,1.301299716797013062e-01
7.958437176608947894e-01,9.138462323585431202e-01
8.065569286747307221e-01,9.362529642371624217e-01
7.201935665407815934e-01,9.906119162538545853e-01
3.008565789261810064e-01,2.744730510339998819e-02
4.464813391258278807e-01,8.608051417510955705e-01
1.082204789252990684e-01,7.550085565782054253e-01
1.106107386039816287e-01,2.236410631103443736e-01
5.483996032867360926e-01,4.852477673898352162e-01
8.177697901771177058e-01,4.552052251570727348e-01
1.887269730492959763e-01,4.583092406255948603e-01
1.607962463612799819e-01,4.645031215947345027e-01
7.211149491841951642e-01,8.765929117465750542e-01
1.443356829578998912e-01,9.252285846788941281e-01
6.172469725226412685e-01,9.289619113914281412e-01
1.963937809410867263e-01,7.373181358231926108e-01
3.501105841245254480e-01,3.383347701908059335e-01
9.318147636166387304e-01,1.549891157749394566e-03
4.838093453884999562e-01,4.063670690860285983e-01
2.416393992658086853e-01,5.517017805372630423e-01
4.029039571850789869e-02,8.073770499225094710e-01
5.554963013623781531e-01,5.003083418516497405e-01
6.559461152849411780e-01,9.394063468576062670e-01
6.264314631739646977e-01,5.577915884659129242e-01
8.856224247988510045e-01,3.613182446584876084e-01
4.184709226679098615e-01,6.659435132492138587e-01
7.624551267679813282e-02,4.844175828046848320e-01
7.422104702620909711e-01,8.458019366292635066e-01
3.039020872599693668e-01,3.094543679336436703e-01
6.866343043438928317e-01,5.187447087861493111e-01
4.073066734837820224e-01,3.500624690209613865e-01
9.647330335773104393e-01,9.529632941694466952e-01
9.965362333973567521e-01,7.117511308249164781e-01
3.869354372523283736e-01,5.862725380419820942e-01
2.432380403030623972e-01,3.249684592344170841e-01
4.516085415312354190e-02,2.926214044161293826e-01
4.350595049535337377e-01,5.501777392704341185e-01
3.888690368841314360e-01,1.072793533468119342e-02
8.746746074389281089e-01,7.480588075052668762e-01
3.464237480527716517e-01,3.146856119162221299e-01
6.985092043714091758e-01,7.585778456747409582e-01
2.755050059222605707e-01,6.598044219511045583e-02
8.154087823633457965e-01,6.317404639515762366e-01
6.561181904837515289e-01,3.382248619458837480e-01
1.007938944332845699e-01,8.920254035323003095e-01
5.659015200789986322e-01,3.259876991288882531e-01
7.358589899233869414e-02,6.888696010815298365e-02
5.660311095421776129e-01,1.361762908330389488e-01
3.646390225462403656e-02,6.300395549990025490e-01
7.958917306993116281e-01,9.775307841162871325e-01
9.106468740250267535e-01,2.750533898383431541e-01
4.531386489086620672e-01,9.925284437782926350e-01
5.011865764060650097e-01,4.807271164660453788e-01
2.817366853836124063e-01,4.785093747640166706e-01
1.509769288024049860e-01,4.506022016454593881e-01
4.346129643460937553e-01,8.743248396453962012e-01
3.212256575178277229e-01,9.978929790999805371e-01
4.624006026527139879e-01,2.798977694969173591e-01
6.064533758172508948e-01,1.344954322838309846e-01
6.205216757881732992e-01,2.137289537888337199e-01
5.524538370059339787e-01,7.447622672088854978e-01
3.501507397389157505e-01,7.239510848731623982e-01
6.959955429042409270e-01,6.472617905402333616e-02
6.898111859091872189e-01,3.182433934186150726e-01
3.972896210614140777e-02,3.651020874872844546e-01
7.917050460050110150e-01,1.770553937025377556e-01
2.812584561359536828e-01,6.408906629588981829e-01
2.421444409563164868e-01,1.287095806129024966e-01
5.875828634777632287e-01,9.135170111064702114e-01
5.206120602592091418e-01,8.078709406763462386e-01
9.239770603433349327e-01,7.851911780061437973e-02
9.694893170167695473e-03,7.154093980338731562e-01
3.725214549613501402e-01,2.333813277366050265e-01
6.418079693933725904e-01,5.608661221494202209e-01
8.920898878019574152e-01,4.992255895412029965e-01
2.987542412068711073e-02,1.574730993301685089e-01
5.893234402548697126e-01,4.630017609514436305e-02
9.807939237741253313e-01,5.725238581807080562e-01
6.435798192819572883e-01,3.967777801391326742e-01
7.109737611845086125e-01,5.043635743822388884e-01
3.015158186637900695e-02,5.134350630329618248e-01
3.817272613213008592e-01,8.752023808703186525e-01
8.691664823292083453e-01,4.770125491291039577e-01
4.936278210820042034e-01,4.247478598788312354e-01
9.237129915815235348e-01,2.929006940821067273e-01
5.506986083090470441e-02,7.898254719742098251e-01
7.816251741626459859e-01,5.287126952075497099e-01
5.371175077775171003e-01,4.974158517943672031e-01
4.708849507647749899e-02,7.011672876422070377e-01
4.160191509628723416e-01,6.841056812385720720e-01
5.096311384741836203e-02,7.289646767002860850e-01
3.306557530942279000e-01,7.804154004309078463e-01
6.793545353262125941e-01,2.204741238396676906e-01
9.460984023962111245e-01,7.378533217873716188e-01
4.169564266606600178e-01,2.075875673428633217e-01
8.671384270142868944e-01,3.141125000195087447e-01
7.810580232150264868e-01,8.061895122749317411e-01
3.129306321211389186e-02,3.706249131034964339e-01
9.587653155928304027e-01,7.801322561311972992e-01
2.436671442420346168e-01,6.132685692151029766e-01
7.344980583131297536e-01,9.505079365761623933e-01
6.703589400031412238e-01,8.542036238362596956e-01
5.952384316976158107e-01,5.518684686847773468e-01
6.275284458491389161e-01,7.349439304980158738e-01
6.568436618160964358e-01,1.528369304501093762e-01
4.036217911509480949e-01,6.983570191661161441e-01
6.034337155293763022e-01,7.963829452323257785e-01
1.179931472009235760e-01,8.171739726040652130e-01
4.164686415549589960e-01,6.065147568488110652e-01
6.399628663815551954e-01,2.369419134383510261e-01
3.088621794231193318e-01,8.740278889186271494e-01
9.014599249113235402e-01,2.968279557943435121e-01
5.702050080082661232e-01,9.502838911039079850e-02
9.932735026759051955e-01,8.561760216149804092e-01
2.743971395819450043e-01,3.462215661164326219e-01
9.141389791343640381e-01,5.534924517517925135e-01
7.885731457066196270e-01,1.612904077619747856e-02
3.792535191524228910e-01,4.230717349274724093e-01
6.904167512838549348e-01,7.972405252756654681e-01
1.054004214628864178e-01,1.781320887764707983e-01
9.726623999833369227e-01,6.898605255470154907e-01
9.242175541452816168e-01,9.256396316280277592e-01
2.398143197314004382e-01,9.073056270854705785e-01
7.538961033721536253e-03,8.208257207749709572e-01
4.139428074299780214e-01,2.575931325905385094e-01
9.217442724242763674e-02,1.832201912643438568e-02
4.052511409415298083e-01,5.439878631970868073e-01
1.414840430844258590e-01,6.957583581935657957e-01
8.840342340811508937e-01,7.750761213870561717e-01
7.512503759129427472e-01,4.724092975796791993e-01
2.505116021201015952e-01,6.253438677643907706e-02
2.878042459928167318e-01,2.818318656696038316e-01
8.852823328572940742e-01,6.501632511384777269e-01
9.782444055193871835e-01,2.348693604841359805e-01
1.471588120293120250e-01,1.099552043149432112e-02
6.218926982407071424e-01,3.282931641220100394e-01
6.202759892707188083e-02,6.982686028400707512e-01
1.951233820495236193e-01,2.470478174472019450e-01
1.769330120605399070e-01,4.501145838303662883e-01
1.981847945196679728e-02,1.065015054792987081e-01
8.599026543158660996e-01,6.944759845062123960e-01
7.762529118619002633e-01,7.198903178630077226e-01
5.584267368418717181e-01,6.468559610860398212e-01
3.736134932449374224e-01,7.848041488677720556e-01
8.306627180238405073e-01,9.122874967405039115e-01
2.114175722564826110e-01,6.130952853215053677e-01
1.183503129342068361e-01,1.261336465900151360e-01
6.285397335522086015e-01,5.466608719802772409e-01
7.143515104784967651e-01,1.522251814592312513e-03
4.984506789223778211e-01,6.854468838345424420e-01
8.656193732280437203e-01,6.395023594908161302e-01
7.300473005405809790e-01,8.231002883171373297e-01
2.580579623993153326e-01,6.447012258589911449e-01
9.726225849364222853e-02,4.546848970647002774e-01
8.502569048218754366e-01,4.227336288045970836e-01
9.243425164562146801e-01,5.484654005519951081e-01
8.064613531525065548e-01,4.149924307085359754e-01
1.246455155935000114e-02,3.272125451142142705e-01
6.409908090304740069e-01,3.615376783268784422e-01
3.648182331572311643e-01,9.736555624962380806e-01
4.938166978005459340e-01,2.685978772272202830e-01
4.986199848950346736e-01,2.647387987369749229e-01
3.882632722615049214e-01,8.248862248270344422e-01
3.329320474527248663e-01,5.860962489640915152e-01
8.212048367302566820e-01,7.742594552583854650e-01
9.868419587804564408e-01,6.514011949023479353e-02
3.245065339570009089e-01,4.581925484854824093e-01
2.867047252694510107e-02,3.773110378882671423e-01
9.629442108771225639e-01,1.078981545051912461e-01
6.026610287120570675e-01,7.243810226642714012e-01
6.288614222136234000e-01,5.713979159692880172e-01
9.516143637183317461e-01,5.638465641340684176e-02
5.527706395481294388e-01,4.263843905384656630e-02
1.480660305111355379e-01,3.576219439150939428e-01
7.986979565368610423e-01,1.512194546473444312e-01
1.650015524421745150e-01,7.098492538424894249e-02
1.856635192949593893e-01,7.125753028443404524e-01
8.932976616654216828e-01,5.856034209261453682e-01
3.912854030620874779e-01,1.418338071457491134e-01
1.983794040847450812e-01,5.804401378609229667e-01
6.944791460491054336e-01,2.148955929570892653e-01
1.003209628389538643e-01,8.830699512256217076e-01
7.142535987603686465e-01,3.741229238857765038e-01
8.483873282665288507e-02,2.327704031129398388e-01
6.480207735977880912e-01,2.596460376600858710e-01
7.784675090880514015e-01,2.634506278015203984e-01
9.273602934449176605e-01,6.613148687336387610e-01
1.844132873017512164e-01,9.542864027481695599e-01
7.947727569066809217e-01,4.459948134711209100e-01
8.978061503555889722e-02,3.717391886111327537e-01
9.514974542432546034e-01,1.577985387109055448e-01
9.317395722512314959e-01,3.225878360678161583e-01
5.532571165535172808e-01,2.593741099660639149e-01
5.369557310425437935e-01,9.789794119615807810e-01
4.150943347453401877e-01,9.984640743796173723e-01
9.094259227396082057e-01,3.406753480725294159e-01
1.210469073755189306e-01,8.755647407126159187e-01
4.568239474092405938e-01,5.828896442196195293e-01
3.760867427625135262e-01,2.442507893438339295e-01
2.987613609846575535e-01,1.724731035459121653e-01
4.300595691996020875e-01,7.865623673916242176e-01
4.972903442439379207e-01,5.470058849322074757e-01
7.067993951135072006e-01,8.877787260836050853e-01
9.262950573792299025e-01,2.241472179478920523e-01
9.234804367421595162e-01,4.336202437938345700e-01
1.040223343912808351e-01,7.847149936595588793e-01
5.409595281679497880e-01,7.014226093326416667e-01
1.495953365316869954e-01,1.846027792397417766e-01
2.287202645538870538e-01,9.112137769387247399e-01
7.787257527881349395e-01,9.036408379957224790e-01
8.666623402249673536e-02,1.566002842774769643e-01
5.991409784612561351e-01,8.414355845851972937e-02
5.263201033036942755e-01,1.062256495026515646e-01
1.333087066255435049e-01,6.179085666528838505e-02
5.232745542086875146e-01,3.661308940977306969e-01
5.440283107612020608e-03,2.131644542817727750e-01
7.408550770807169616e-01,5.537079288223671902e-01
4.032248078999701724e-01,2.032666253833615988e-01
1.518397409886008687e-01,5.503408646085425904e-01
8.649037367307030877e-01,6.766306079430869369e-01
5.805369688271596607e-01,4.814051263380224599e-01
4.670527026799131676e-02,2.821661279077127826e-01
1.060187902907469004e-01,4.437746866713740967e-01
4.731372372015468786e-01,2.339167807086451889e-01
2.658376830557295234e-01,4.139278758559248317e-01
3.777803166646566124e-01,5.932864676437482609e-01
5.803695077351402887e-01,9.919990629046201436e-01
2.601553106521158343e-01,4.544418113964027173e-01
2.397159743651970931e-01,6.815007887461008718e-01
2.780673347346576119e-01,6.660591328248052223e-01
7.887123706808265577e-01,2.653196387729143124e-01
6.661503178054796193e-01,4.135119561817718337e-01
8.490640388307603148e-01,3.358107311599550782e-01
4.073120202279009172e-01,7.095010296559204344e-01
8.857639706198100482e-01,1.294179758122981916e-01
7.109163633218185119e-02,7.221995459728866029e-01
4.588225731342459035e-01,2.273126950768653565e-01
6.962791397617853484e-01,5.296476112571939510e-01
3.651280999272717986e-01,9.948289720465605113e-01
6.137027734771172138e-02,9.782499375747306658e-01
9.683374864445124519e-01,7.737511661755738235e-01
3.468871728351574646e-02,7.445849013694882945e-02
6.557477008832720555e-01,2.608403202193839698e-01
3.911616758743337030e-01,6.398100194119793471e-01
5.475207248803574123e-01,2.981259485487383065e-01
3.298449735184428855e-01,9.417364766655987873e-01
1.374300551458856878e-01,1.771301790870390969e-01
9.399178348998924459e-01,5.858710332690094669e-01
9.722600338394382646e-01,1.368841549649524314e-02
5.685513193604959659e-01,5.760288674187983293e-01
2.409216668241234149e-01,5.835039072525807224e-01
8.682825703662199190e-01,8.269820823075354488e-01
1.312591752606111495e-01,9.930080268605421256e-01
6.151344497328717909e-01,3.246938673261138275e-01
2.503847172400566201e-01,6.380265995485068231e-02
9.689537020011260715e-01,5.123209145015006349e-02
2.508242514744332130e-01,9.523675718784431199e-01
9.643461431779065673e-01,1.563962317593609042e-01
9.850913639327653071e-01,2.949830100933537036e-01
3.119292288629248455e-01,1.784688705731252156e-01
5.128630513449704553e-01,9.392383463837320479e-01
4.989109703393815876e-01,4.485466038149706902e-01
1.683027415254204628e-01,3.408311450908463325e-02
3.672875572845558656e-01,5.074568224694292473e-01
6.985384633632940599e-01,7.378872616754377223e-01
8.769462840785612334e-01,7.712569495073988701e-01
8.903915831802691194e-01,8.805937324150598933e-01
4.702444545582149527e-01,6.165218982017472982e-01
4.076193693963248155e-01,1.235169218092557752e-01
4.009457998476462226e-01,3.212438958041107240e-01
4.556622932216057853e-01,4.464331552372555745e-01
9.508904276538818756e-01,5.416019684588461169e-01
5.741862814850239305e-01,2.653861579396080694e-01
4.889018169191214902e-01,5.471421752245346770e-01
2.512313542084902984e-01,6.988597187902079177e-02
5.430167753974842748e-01,7.318739772135651744e-01
3.280471270497447023e-01,8.554532752330263889e-01
